2815 2214952180
900265 293761
539870 487894
742778 580938
873332 244014
264888 13771
257212 597915
310269 873108
676842 171847
608401 157615
508876 833539
832319 879615
334935 538568
203965 952272
45624 590995
515282 973094
432740 343334
490707 320411
73828 481154
925822 588503
908133 744891
82937 914610
184898 179955
250202 461078
319189 643106
258282 942536
279882 875222
616961 727914
214908 812377
594258 822463
107551 428525
769836 82485
192028 500955
84542 908975
327180 227519
497954 622947
856368 29176
251439 930724
514120 686721
734916 133495
764904 976711
168388 642420
778435 227217
387647 372998
900572 171354
93800 959879
887784 501820
589510 783496
948370 551351
900796 559331
894351 505897
994954 608428
798313 306552
153723 221874
830864 469768
769886 889793
813411 636432
177842 468378
1109 977263
95019 841344
991551 221287
484512 3338
86236 312527
519230 262022
548980 50195
655693 27228
103819 858907
622428 403414
934740 143514
249833 671434
143001 976950
142038 817718
739540 196060
256970 192134
42010 779497
493158 52793
560814 41696
297872 198749
809797 342971
950400 78543
335042 87437
730283 417156
817208 765346
850827 929793
820872 420410
896857 287978
764834 816990
138989 159828
165032 298338
521616 877008
669755 413873
511423 390106
896945 551012
443884 550832
651668 434550
248863 463741
264939 713903
423616 517420
864862 766420
46134 847953
46980 738910
857606 601421
306771 673253
974465 476497
493132 117805
912268 419444
709942 660762
779665 568501
924352 490676
804219 201360
196728 417456
372548 766834
880060 752780
675992 287121
611879 733644
124872 326304
55623 544973
769520 410067
463937 968853
900591 998559
541835 20048
234839 788733
841397 219235
768076 697099
194764 171917
575832 986312
766974 167977
877398 257067
917025 148019
794753 45275
817260 173535
588106 511662
856569 853805
63324 393196
660513 563317
570318 113375
5494 940966
637716 269476
885790 684615
225917 482048
956946 880262
625543 933800
339519 647466
277103 478172
170549 748953
251702 265846
144041 924006
289294 298216
91221 803767
545199 870103
881248 716586
830193 878693
398597 146182
543256 653823
635734 828236
761082 71727
783316 756758
96503 137833
867452 371040
326477 788211
249404 263050
176078 545746
979018 140378
660776 707883
798036 690547
761561 684568
58883 713337
646471 185108
891363 205086
339582 505160
630066 230366
857728 905401
298948 976925
846814 355798
940188 572916
908955 887704
882256 534613
212982 427700
706832 215447
480922 432025
319339 767760
551762 591675
174534 841670
587728 523636
498197 611005
646823 572635
624723 500860
935647 316938
692205 874446
695580 488186
442565 181334
518184 370768
84878 264584
509733 806473
225587 123092
484026 32607
272605 734728
640423 623964
243576 360166
364182 47504
970925 581401
396069 274412
39381 672119
257859 350449
465649 287416
522724 572081
954685 919108
195250 179235
862689 961704
225290 618873
163769 146540
547869 164650
102751 895199
535842 541755
407108 987186
939572 128376
917247 261109
88078 640624
32573 554506
578327 968168
252328 914747
16746 660722
321188 622315
48230 630779
744952 239722
748978 61382
537186 101570
338009 53670
752042 747326
694856 658598
80507 487623
644360 394687
139591 316671
392762 184736
272678 978063
473244 841773
415863 827325
227463 250197
866505 962238
241979 890175
83456 24367
363548 904693
120926 318767
543322 72372
598349 496575
369980 161290
75409 87859
537857 736826
46376 529668
925038 267112
450964 406719
77945 905639
551474 602326
300767 711109
615889 290666
794938 699073
179659 432211
310878 357062
366642 776308
811440 86639
519225 606921
557218 809277
929899 231410
937034 581607
171882 382755
395075 925885
869740 681483
314317 226700
431664 470761
43772 384557
963513 65749
781933 674512
881709 272305
594937 130042
514063 750900
308732 991411
785289 997005
477461 295115
73367 312706
434301 875760
940811 753122
6606 474368
521818 136771
986275 797683
605445 938626
64088 465331
710290 604832
994255 969713
967520 389804
591559 945471
362266 944031
368205 584604
644112 900173
378629 386909
281954 265341
726694 72967
645149 19594
512259 534089
599056 504315
515931 591783
156183 927248
103379 776022
502184 940620
532358 555772
280453 515305
264603 905004
811912 901778
288020 5734
104357 266591
878787 891623
296015 922582
87926 245239
846849 71766
147470 566269
51492 530033
3534 150874
983446 880513
738271 18200
992053 490406
529119 165090
20177 315058
220932 239375
724984 618142
869380 205331
976443 402514
274697 788859
66338 485042
580091 420859
236176 604277
268990 838056
687288 593028
664423 119651
428520 716567
729331 408259
20178 407795
305614 694595
707622 186023
941822 832043
868755 293255
152207 595777
142954 21300
414885 651730
478946 537510
889957 465333
522748 792529
130663 148793
630473 737551
333177 820221
883319 414348
33241 812650
380250 579236
840928 407878
624078 840910
857328 806784
427224 296590
260888 443470
882461 343046
672561 190616
30424 43480
317755 278278
247045 302837
480529 876391
522301 624226
227247 843095
97260 29483
171505 943512
889417 782705
820640 734685
880489 865418
113840 758162
5040 498270
706233 116842
961317 51152
10929 626368
477842 559948
13134 649598
242157 196071
414596 305900
104107 527333
145475 923805
373488 970368
643466 954099
816291 121459
625832 217074
589548 852706
252986 56503
827354 361254
66266 432640
625470 641217
992499 126815
911735 533074
438799 217341
790681 779747
402451 804604
704715 750157
701113 17017
783767 119090
924028 763077
947252 59161
137599 94541
740821 580921
456758 1209
428207 545945
720253 235390
259362 654522
202341 419674
543956 416795
412368 946745
163191 406789
308853 344456
925453 406344
565220 957900
38161 163080
378504 936583
799036 718090
777684 191676
799784 204630
4368 489699
447161 776124
515809 516589
644789 85637
192307 15308
564448 665313
245763 424952
385042 652271
550887 944106
139677 792163
806997 844217
246744 878946
497694 520047
359598 514012
163365 719725
454940 159395
936175 523387
997488 848545
196526 988785
718233 203912
507845 129363
334146 284699
973665 552232
938784 527800
200048 853220
62659 116155
96229 844208
86124 834744
276606 486454
582086 379797
295199 569712
82551 302365
331728 278713
676462 141050
103503 109007
587321 455083
359614 56674
319701 253270
773254 79794
67940 323170
333721 309036
9615 600602
367199 90511
267336 908219
589429 752120
471186 497286
198318 622739
88338 244038
66564 515100
108199 463322
17634 871219
376798 845622
590949 918441
760062 729335
235248 6676
732336 794386
445119 195594
775826 635447
601242 980161
382956 807283
36834 805960
133023 876246
566047 953939
459106 895668
683848 231347
338221 610617
724280 534562
417483 705004
800927 852882
126341 436082
437983 86921
963441 846709
685387 105822
535882 681884
843152 989714
862291 303954
89380 261598
471131 229065
288272 693276
479060 562400
307611 939663
981392 712502
374250 334706
809716 37482
588194 562170
643502 721229
297675 953226
535493 813882
270179 392486
75258 775156
317645 894603
618317 358592
995198 62168
784556 693919
367926 252445
560373 121365
965232 665864
802964 62513
466677 63068
174294 405916
475387 279845
292796 609633
547665 512577
913117 446573
597553 227699
65127 800205
226369 415322
848291 882682
344343 229730
819383 633021
702920 744220
958212 116593
602317 5310
344355 998764
546290 399508
187594 987088
936720 859506
458153 512584
451847 776147
820457 831134
141919 771076
92216 81677
138772 528977
311929 883035
972782 17364
72184 631211
994460 882354
25667 708676
702744 24700
529263 592932
851773 290399
796920 831440
22450 992318
262076 694209
167216 673790
52423 947332
481932 616195
985090 92316
329347 74976
48870 270559
421284 707551
59647 862743
707354 618746
207811 493221
187683 509189
469464 728240
936089 493728
955043 359345
701401 455836
287721 967868
453086 790741
214883 350988
441707 469891
662967 828290
721299 217379
354491 950224
432871 897336
284693 30754
674155 103965
671658 250757
702339 983759
320172 617772
738105 479340
780645 520431
332726 996686
117001 72330
764955 651458
857322 625396
357125 320710
861495 239150
218051 225167
361857 358174
90885 922237
657543 365485
962870 477566
150715 234024
982000 963812
770629 271493
790445 49624
701720 476154
473496 952521
218175 554798
936096 475007
450486 257934
960254 797652
250423 439189
2085 500078
604642 74933
6550 173686
96062 849010
936543 206123
424261 152987
821873 982575
623197 608696
247472 495066
226154 312155
658213 529229
305189 568329
966035 665665
721739 885527
762239 563737
220076 358892
957103 745907
900413 828106
652227 489559
714321 650716
755665 26270
344921 109423
398519 704674
132790 736420
440160 647098
763693 686167
680665 547396
734545 163435
110283 767769
634974 631576
948830 373827
993467 252661
108378 377530
525730 900193
259629 484718
639248 479258
133483 483362
135692 336872
669872 365741
466455 265294
181087 467265
945273 928035
526599 618391
941098 160870
826294 242310
415138 443569
198582 256798
219890 523180
376269 526810
627810 923705
737522 492430
824199 780597
817368 976778
29681 989644
928515 357501
329947 905759
167911 292110
877673 240479
35660 69201
986318 274860
947059 292219
295397 505657
665974 921582
553972 452155
932142 348262
786836 634483
821082 997046
48309 975467
305690 569894
150501 12367
419481 911284
369106 307819
443998 453664
219124 184721
157303 352619
887476 975563
234624 460091
288695 487761
791231 216722
393199 967479
452866 665102
310441 640173
294142 5045
627664 757450
79733 588558
960065 441787
346724 646503
576062 690147
35917 533930
899807 942111
109950 310571
422916 563217
892934 956095
970660 521248
935984 312697
257619 952751
314099 392929
345584 704277
513382 484732
987746 428696
427018 542614
468180 55638
510423 610641
754621 119072
252106 386224
737951 285689
500674 733658
131959 449906
990957 695910
731004 982277
302003 826049
499743 625036
687273 704672
383488 124930
24469 924540
787144 504340
298071 86549
954797 25867
778064 561988
774104 251262
618953 93004
415347 178781
158498 988987
257782 495861
598438 241546
422518 902253
959499 782470
299777 685082
970808 9182
166399 294558
396700 692140
279086 653486
887150 720875
823884 565828
916735 242483
955857 936642
797693 42592
495367 47964
315661 96731
254046 491782
42048 1145
597724 676655
86842 501862
727185 441255
601562 470975
570652 422549
280750 352854
428722 500554
919574 52301
106818 632496
383140 209113
740387 829353
40867 487136
482683 758782
927611 553786
39233 390475
478214 284027
918046 502976
463706 752601
418430 586511
811644 696452
822067 290979
498013 502219
576367 989826
673547 952377
283700 577344
422375 883481
739108 121347
135581 448003
621271 779748
216562 118385
899605 375043
235177 759724
381116 409751
615397 44998
800970 887545
697281 337154
881140 90344
818714 324165
129335 825914
115913 932795
740820 29318
157121 842494
284524 583426
888657 383868
985757 994591
605531 190351
722980 708795
61123 11295
828061 551565
634630 552532
407521 62395
55300 65304
763563 448775
267446 974399
826078 110003
16127 658121
293113 148107
403920 780238
373537 903831
934906 110763
317576 920798
23382 285016
830373 836100
920995 867597
407549 67199
868111 321923
915997 914072
196995 189082
698853 32552
518533 804165
407223 41843
92063 366560
82282 182844
265849 209991
464626 391097
298645 214104
299008 724088
594065 55703
162996 379478
24625 470731
286707 476013
656518 598886
791906 981841
832799 752782
962325 440780
821587 306741
990205 393606
36999 235475
33032 828420
972417 775711
233088 921474
755546 149854
298571 148626
702286 233088
433607 853480
370885 61240
586962 549282
989892 627745
768632 692080
810623 460460
790183 818980
836181 972619
978079 910947
813801 538079
151598 218818
277417 185864
605311 946609
767290 887525
123079 490558
580131 550789
664959 664741
634359 771193
469221 800410
327325 827318
593841 998870
660968 203933
530419 602193
405412 125566
214375 994021
879098 598590
580505 56602
848032 534431
437281 126364
651190 909780
543667 432212
771441 743127
33728 110208
215139 647224
357473 104699
853702 931877
888888 629526
808994 389409
750849 26338
282997 468923
904200 324820
832509 144321
380177 405123
790786 871789
340510 738017
590198 130714
334324 208067
222491 762962
902997 296312
964275 483555
886220 367348
740832 846479
158132 787496
341025 631160
149263 381614
50878 347411
682618 964412
209233 486782
332007 312759
540100 693477
360165 885934
447986 579766
498327 456812
492039 368996
33585 786656
607475 132447
463791 944629
305866 71485
521658 279038
584686 836551
867906 378703
892711 443717
301428 301135
332476 485115
649963 820526
200453 154322
208883 592167
816102 645170
450192 619673
960563 691191
47212 741576
213036 655139
650349 104062
258250 316493
120922 114999
150663 219357
598421 28934
304994 965886
215475 397546
124038 664679
600086 847694
889753 239977
226277 493237
569454 582466
486965 409835
727610 543017
896359 161809
848405 238089
211153 878239
724938 752428
827138 934690
771118 595399
45305 849263
368142 909203
930595 639441
923743 363994
579575 577326
196401 496952
537054 966436
203674 418688
522373 59432
107836 713762
36075 536096
111970 359694
412711 262863
927846 522727
856240 510883
377111 114643
437384 1951
942569 93107
165858 125350
117045 590465
943596 307867
515523 112373
846129 522860
494636 14674
520791 251038
39116 605179
600886 936660
459942 274194
715526 190033
44048 349922
751335 220959
233848 295863
790290 640647
824409 781323
423516 117600
929497 842840
103688 734857
809067 401822
183427 268602
566963 904678
836893 72000
715044 442898
164143 157969
148402 332822
391055 589156
514935 550963
327054 519908
339386 608054
471529 82227
839132 933866
500594 542900
72086 56830
936092 686910
474839 152272
49425 355896
188772 106946
923411 453825
10540 837072
259304 397507
566792 698531
799026 794539
627991 434642
91563 329906
5298 716678
570673 87811
119476 990225
737670 566224
601825 546787
822005 589849
604557 112919
699434 974421
717965 924907
480213 264539
7645 936317
281219 910146
882880 441863
26229 445238
501613 709311
438206 777592
141148 300631
158919 893381
164102 999712
512125 277214
616312 812106
913150 958511
996404 710114
68198 581415
47992 859951
484340 24186
134949 923737
511023 673932
376148 112029
671934 490679
71872 238973
832281 667183
302567 66571
554560 663104
234256 572407
576612 986615
439398 350420
380700 912161
137204 647907
363907 305863
20905 655002
13965 22795
949740 663037
804211 214251
114047 810781
454796 409502
856230 27090
470842 728748
296811 237389
588025 808317
90920 12165
477777 867905
678373 644414
353880 435970
989424 748015
728601 476554
411616 908824
686306 984872
743221 521343
183229 549477
141726 648231
276447 262346
832334 45257
194121 830814
603804 913748
782214 641902
145958 323673
866817 68761
63743 200591
552984 514799
113920 89964
231019 442696
907443 274161
492949 902259
345372 289708
825471 751916
358301 411610
399230 248445
243824 383107
677420 104595
407603 542443
655427 857511
599795 93513
791931 866014
383380 17987
106754 519976
565624 547582
322963 310691
352610 626057
315473 530661
859394 560922
673679 26176
745572 625700
593463 926228
393175 282695
909224 49292
417158 987624
133493 765968
283985 797606
318963 455197
730194 17511
936416 108595
510786 850096
693870 349743
830652 863574
536645 948758
655849 279914
256726 303798
178174 604848
913932 90075
191796 249978
926982 838230
961683 519832
883714 192332
991602 822268
466387 582547
436024 163249
103612 492222
412425 338429
869853 144683
656937 274132
542619 710633
295408 140458
534107 350380
863133 717086
94289 992056
930802 453246
35201 617018
217062 68889
227543 95943
652768 914835
516633 567997
508942 523796
207650 711283
691248 937492
68339 286229
17111 483574
85242 224433
791249 406699
834028 404688
936652 773835
616180 433923
169169 574850
873393 160317
444551 170840
640755 840255
815357 192304
564373 597834
922862 823539
947592 670227
226946 599349
2240 665038
433954 235501
682175 518937
695237 569911
158246 575580
341525 158059
400851 768002
260482 327457
171124 185744
845519 417670
554061 265747
800109 886085
990489 969787
244233 179328
704175 900052
467277 186758
852491 326017
867344 737781
262465 384432
890160 618584
614968 393455
774121 926866
358166 356482
639101 466469
377129 107257
811656 313098
869441 789385
506081 744488
912697 345860
43192 650418
231447 65741
621328 219814
334622 163226
320178 592955
625938 754102
288338 319260
359943 692893
527834 417057
52535 556724
715016 351377
272142 965331
104432 822528
890513 726431
234716 395027
569954 195436
112611 451051
313915 637288
877979 324134
295899 605863
859528 632708
248812 381280
482168 611657
431265 580678
116512 692217
819361 373188
34732 82364
882458 738685
222264 630458
58242 228064
237620 870136
428543 537859
238052 351542
78280 706310
662262 689597
47949 963647
631627 772909
698510 722560
795698 121440
144800 439606
261260 9098
919737 135225
938373 341354
856111 920128
748091 131809
666810 133051
660074 770229
76387 442458
269292 979283
774146 419071
392932 889879
59158 348498
998239 137167
508224 954405
513115 204790
66708 229873
989125 900137
642460 471258
272394 736598
907113 508641
661152 716931
124974 42837
716278 723066
109804 125528
85416 278913
81660 259170
751129 352856
825992 388665
278868 923786
688622 177894
259211 704953
23412 716686
231989 628844
630162 431545
177251 337339
138912 293582
25012 778587
391278 281446
611602 484228
387185 481246
140404 649303
149320 716250
584121 711722
741157 982171
582921 296019
534439 615340
325054 228641
216966 529453
724018 998578
388158 14007
89317 766643
914869 353918
639391 731291
946176 202633
945626 732078
94472 163534
846431 138085
325035 916492
374843 955585
486123 7921
367268 539416
649553 673170
130187 835351
686990 410400
774732 638462
914697 770909
152236 504352
810042 756722
155265 161231
232119 573164
111242 140422
165602 378263
910574 520583
121996 808464
798316 13553
212080 421338
366957 182459
210812 170742
319354 901937
634369 100533
632916 206841
295315 708287
742806 604689
6088 858068
87011 114745
722728 115315
2289 236454
308380 798609
248785 139219
265561 818674
967577 257067
662182 774674
854569 707395
338849 134256
71916 390978
810009 366243
387813 654383
557294 988011
244544 567277
44150 390736
92906 722143
906205 551394
436589 515821
899010 927991
638085 443380
770709 150324
27237 366756
841263 340263
698900 248598
977145 940058
565457 696505
169066 946066
210805 72561
842531 717040
958770 291511
752248 135639
130645 928770
692384 656524
110550 908573
756945 812544
523401 58813
843431 498144
178301 220557
353414 343108
473029 796162
156384 131997
594695 360791
399924 742503
587509 885324
206445 192443
921953 160842
333363 68386
34954 470372
793985 657496
249195 652455
172845 496375
694643 480745
935765 781767
472174 316452
370437 297412
26987 886644
720788 733667
355760 647972
802910 163807
451406 496344
279277 386203
47433 995451
259493 704118
673312 813826
340122 490500
291476 122992
704950 684658
930951 574434
961365 344430
521001 456945
862320 133742
323756 740085
975624 370796
111591 773680
511286 555492
346687 416568
115998 893965
58071 188989
131971 651540
721535 205816
439791 445257
167009 817903
668652 391706
326428 123932
892159 410469
168715 644195
970661 565106
756961 987043
564261 784464
77842 122703
995390 58203
538950 328636
972151 678843
125571 920531
109115 26385
767405 345857
132609 215329
952923 503248
174242 833958
155301 677556
333938 472042
477698 815355
842500 475737
250558 556590
724568 621827
424486 543173
144677 476858
968714 702451
229364 513524
145964 314163
76888 448824
682019 1866
212645 482150
688230 743681
137888 759558
893598 503243
83450 869719
738498 560308
147950 441925
359520 944355
192077 38675
932713 524896
367023 520882
41116 431650
746750 962223
40293 885304
409829 349493
375717 403289
49482 191127
974770 675735
802583 228130
469684 676114
888547 149254
942259 129093
759905 839623
887946 759210
190802 976717
702549 896248
227906 468807
565645 648127
289162 475538
475785 484449
639957 974310
94179 571202
855778 822067
943434 26555
514289 924967
725006 572406
383751 192916
831905 123309
406849 309141
198538 239553
471838 538978
555108 101417
136264 912421
412477 554671
620535 377368
952118 474574
137781 254126
726601 513944
306067 1659
960155 557033
351389 296907
221256 274601
32026 612547
625145 110531
916122 314814
284318 751813
245352 813734
470253 159595
182178 599371
877168 219464
987029 299649
917755 806417
203775 487266
614530 782735
711206 872274
110529 71280
473728 397603
516221 786990
940069 650256
655735 219385
364058 291799
414491 828047
622634 194974
870219 187055
783379 283151
69222 38394
722437 19813
716051 488937
314057 757336
51960 452185
706830 910497
542696 546794
827035 84939
211318 83931
194706 35250
322354 47695
762289 649858
866369 716683
858893 216201
940977 448777
586435 788550
605567 107787
221276 364578
406681 703423
735881 623017
872176 96032
854645 299474
207191 691810
996441 642964
648910 473207
682713 907847
809037 442048
995072 764658
87102 980611
607640 195576
354951 869585
783804 798577
255742 314240
396333 370851
232356 465221
290846 108040
158684 5878
682616 655434
380465 574251
408010 641974
163253 369394
223618 548293
747095 813092
866784 908418
779129 593976
420010 990649
774549 567643
814535 820680
640407 47408
652698 295064
895413 226515
972683 817913
788149 162464
752169 647359
755829 82485
242052 928280
367822 344452
204864 453305
145804 378606
289411 261479
896780 458763
800966 844354
711143 919809
937680 987023
652458 367383
667391 200495
822529 434781
413821 900707
402868 244996
578026 251703
705116 486969
830253 459783
53600 165621
436435 701911
737554 701304
48192 205159
737933 74691
18711 337362
513172 137763
356059 672748
389894 64152
278338 606950
619780 112842
954736 367969
453237 495354
425319 31268
481343 609874
959915 814217
142062 589027
626528 4601
302092 288780
26697 355629
776221 503061
297060 713622
439102 822333
887201 89068
701841 385812
191895 155211
167967 614263
557356 694215
280261 72138
620535 513717
278746 958476
513303 655664
954412 910761
425422 270261
837620 883441
540686 769110
649895 431904
456238 275278
700017 756660
571841 312341
486919 849602
252746 514167
752161 868871
294409 806199
599645 780511
158975 677769
67283 982829
649618 503290
537665 229941
943678 998598
838357 830366
824710 740364
913049 520863
243868 235608
485991 232060
463846 93198
42438 886612
126473 173746
178946 111595
90987 254892
37008 102312
888325 304184
452510 118747
915925 36395
735374 212531
696144 400887
210304 57488
747210 956723
842346 532277
441216 217471
423715 882933
677611 978912
822152 700695
66534 762941
163618 99794
933959 253773
302123 224241
113099 782879
61156 338248
112988 913476
118409 222078
765793 259009
756800 884399
241615 542983
758493 237773
418015 764088
464821 197493
32984 856716
680972 818466
416855 779816
701599 674549
562946 774256
913666 238257
761702 992989
22637 295863
354096 726693
771087 213117
508736 746863
236630 477596
106430 510828
310962 842161
708800 587934
742562 16268
440223 346542
44182 481382
587479 525971
217334 998214
502744 711769
36309 435813
388889 90985
472408 568809
540997 216969
216916 201542
773593 301520
880195 388939
878958 162703
774298 233203
663869 833683
357590 478858
440832 949255
108852 938310
164529 498324
612577 320868
386983 206858
852749 566925
386489 152943
336708 570284
884615 391531
819289 407128
820022 165268
832652 40717
176892 409511
582157 831642
89374 553250
199832 639457
490474 4454
882836 202731
12802 789084
541530 82356
775014 534756
92302 351181
951450 6411
868316 988156
222337 827177
880082 857581
388069 454895
468610 505368
637954 659838
912583 27409
152313 370478
279413 481816
380233 150602
56062 192331
108502 825492
997855 934486
393717 595669
160852 832458
298197 497342
110323 30535
702612 641944
647072 815516
152037 369784
108696 66421
494342 309560
776001 650169
619365 680798
301576 348546
118676 867075
238738 342012
333775 509700
210697 290622
148916 595153
836538 682703
171910 104688
414826 480829
841576 389097
669845 428495
864055 628463
457092 155945
165298 890757
992988 948974
805333 368355
735741 640430
244366 221450
47951 531326
161767 296870
740236 470643
287320 481961
421244 99451
11105 210191
837289 530796
864196 430593
394787 45880
635488 862933
595716 116674
697725 610675
196608 197037
302182 535858
429305 527751
237495 857364
414281 99886
946856 249610
454178 76693
939416 76438
163085 221503
723141 174769
560889 747068
540656 42823
508418 833076
613906 861599
978568 597076
883175 249475
847696 41287
389269 129128
340723 375359
176122 975994
90341 70823
195633 13008
300882 282453
40707 386950
851632 241074
291966 584367
867658 606776
46105 180160
332932 857139
48387 523862
369261 145394
5263 728759
504658 209920
283930 897982
828975 745613
329904 941745
459396 687624
177217 882626
884949 48564
902971 418269
627767 543211
417579 967474
63133 453033
70794 797178
589169 603628
618178 937315
314375 170845
59986 117845
160553 424497
333069 528901
477381 624550
514220 430154
449331 342583
850359 974168
991603 585609
861402 925203
41748 40908
364517 389262
54661 746253
245286 124834
40054 138846
814063 822977
279834 405985
314601 606134
788918 215624
733332 247155
313240 256791
50658 350085
996453 560867
550228 830870
420861 616205
911792 481439
943746 411513
338782 76650
286954 94700
445458 442224
904831 564718
172409 473632
324032 486028
610663 768625
681426 430360
848094 780324
46669 717540
526921 4356
404777 501753
267793 487997
505738 890643
508983 921038
420937 236744
389821 10943
477165 322983
318712 136626
653570 409368
346020 863569
56084 219712
303026 567223
244615 831027
708143 32385
595840 661109
783679 917320
181715 892727
361883 137845
330074 835062
840104 117042
755550 8456
104725 369207
709573 688648
311989 406565
336147 576853
725906 416550
454769 65375
930557 234682
958028 851362
557078 537876
494607 607714
592612 325056
894887 469493
638603 710424
256931 679828
170865 584404
236775 24592
654785 708571
712240 754261
629452 885928
40761 197954
762377 297033
410116 857027
743150 823387
839243 930548
755200 463850
603660 598433
470454 539433
614660 76830
781982 991910
286766 663367
822500 82929
909829 615415
856945 26388
313860 399949
963627 415732
685427 331226
583173 370321
493212 326406
389875 912809
758760 428312
413665 310754
363442 855749
870676 581649
753205 959932
295954 16320
713913 883169
378493 582305
419525 318137
254023 537219
897627 358688
469378 579452
832124 689989
961274 170294
205081 939025
721805 923407
787416 841664
772791 459474
230557 545548
13319 322351
148069 560479
145057 729593
287198 697717
939805 907675
825647 921760
232230 451987
788488 887516
403057 691810
952660 709986
8118 277935
889151 261579
72661 312196
380863 838969
121560 381773
628288 285471
527871 971232
149589 690474
829236 64805
452729 945831
687667 205674
390933 404255
706201 511900
109145 31845
415989 485481
531239 405257
532764 833529
373607 230886
208543 927741
312545 324704
807200 965125
989250 995319
547309 142345
377677 101763
908148 917911
439693 460183
521867 358582
471729 761909
589368 127328
74741 439354
976716 104960
465625 111308
344090 818554
589634 840627
516600 748407
302202 381876
611741 914895
701040 739520
511745 501868
864365 921127
298104 892220
612451 282291
661654 6607
809960 80549
988692 377960
613307 332058
327075 391740
339766 580221
578459 687425
945006 925731
179827 152792
543765 128071
534287 440146
317877 342081
265750 692162
456998 626856
341258 677652
242162 468971
163624 566377
881441 513451
491148 238840
795646 950960
408222 418425
131512 405235
742432 736746
531206 741485
109587 206014
848220 683488
369470 353304
417283 449359
806770 211031
279925 386041
567888 994511
998764 530683
404533 898583
321788 141770
345824 859363
220074 269309
210504 910680
162759 552884
172849 598158
211993 860086
443655 788496
705501 243920
858021 17608
908190 236089
536075 3220
8121 506261
921667 838227
525381 249077
962806 361721
306269 598490
864371 252903
571614 457769
494540 870787
11375 986442
694041 128898
779846 446982
375394 506237
282135 863534
575032 832617
916063 768807
475613 115380
528404 820571
436299 102459
567616 705343
250134 815919
987727 4295
461051 967079
958869 184221
431115 479661
326878 21305
365651 743795
544345 736990
853413 649345
987283 370764
52665 951730
561835 841156
603385 150437
551427 176601
116663 897681
923066 700619
322539 696420
309818 955762
564673 8245
353248 808872
889507 529681
207581 876191
474107 430840
309845 701839
893414 887272
688216 872029
116277 575264
88265 111228
378264 318658
954399 871055
85325 183373
821689 400891
390023 444147
152887 214819
162180 513616
7481 69153
728924 202245
754701 182719
674762 818537
793711 76200
519565 298312
957207 720910
612216 335512
774313 257230
353042 437562
169544 911939
652060 803282
459807 176876
611408 843811
505564 994342
573510 750944
855964 904852
990945 552544
509507 470983
323410 718724
353179 796091
411255 716748
256189 703727
807619 416265
295997 574561
500064 885911
522817 71424
871588 385925
895858 980883
567406 890701
103121 93946
555262 210736
499800 466772
469143 764750
149552 988044
348298 111470
746473 276585
553568 984146
636142 895097
76535 83358
718033 52902
456395 378707
228415 95117
408298 772636
963250 420109
56741 728128
389601 214316
755157 27334
991084 836445
304440 827809
116283 755874
121440 96654
491674 875751
966798 735916
52927 130186
430534 989963
889540 257093
319682 102488
99862 147433
541707 103445
602910 469755
732001 701988
603641 43927
222521 275801
729055 585715
835840 685088
331422 171355
183364 552478
777986 109063
609509 889331
405863 988501
699395 197324
813447 613232
243938 928761
321835 826427
395288 516133
266768 459462
550554 939516
50510 246860
721329 866045
508607 926780
439021 127251
438399 888545
245775 610721
564842 956596
124393 110821
253699 900429
323816 999778
161194 859598
205557 224050
866996 28377
105418 738055
989928 478259
532337 297194
390752 35547
497114 880362
708532 977916
941891 523209
642620 894436
9763 159928
328709 100443
136343 919186
552891 5611
225353 947493
571443 187235
344362 46462
395908 224100
333842 969232
512460 461074
281803 259395
159364 605147
809960 890416
624454 621080
61711 866416
590226 636834
102543 100932
700320 982551
32653 344012
162226 61891
163588 237403
585502 505650
862226 471661
86968 995920
577322 260843
172479 206199
867187 415194
942110 169059
377008 139575
854814 192804
191524 242441
310240 359225
715035 452159
759566 158615
571475 287151
647891 195721
519134 190403
593432 614773
809847 722732
695125 810587
711756 994522
401248 242385
931686 463016
367608 375580
48904 980918
886647 995144
417507 806175
254271 510505
280244 920238
111551 410660
594325 493971
723346 766737
460890 802377
214560 199745
704275 676958
611232 22528
27420 503193
532581 825555
375255 329998
417794 9619
825842 275511
380259 348671
574586 275294
422549 478181
144364 236930
879395 443672
609003 709341
846559 220325
596087 394064
303474 477704
713804 778815
209433 673286
469670 83091
640539 449852
2809 121711
953073 476229
542531 325652
886833 207867
100732 330634
598051 57793
666106 464352
672516 244552
57647 76234
78403 841259
456664 770098
468934 412842
483251 441104
64061 204113
836360 932410
488655 449016
339020 922440
570135 599005
929621 214337
902347 337033
257264 133625
16468 806650
635248 618190
596676 420234
56523 833123
206950 860891
936905 551160
534646 856235
536812 125897
841511 869027
276037 106242
601497 829544
500218 780202
53913 52733
592829 554944
238446 190155
471767 409842
996322 946971
319025 565474
326959 73521
439541 395893
759228 83040
84867 751921
968288 51455
910718 714024
655551 265762
735262 446700
42982 38386
457310 302018
47445 673075
120472 707522
187913 14638
883905 716778
135650 296842
3642 32152
319859 540211
863488 617062
39036 723425
19955 637542
136895 506990
367408 797029
738172 841057
161464 317626
451974 289699
686684 126231
977189 87758
144367 462959
271208 478039
131165 194123
322489 216738
44177 143108
585343 160886
234332 514352
142803 710933
972132 18085
585767 695622
264669 795712
451417 903470
519164 800450
900137 925767
671504 185063
937896 97182
944885 387424
549916 731048
294128 385478
696322 217107
985091 173630
635202 150410
332268 466402
187132 975080
94607 825964
328367 271242
17085 687736
852128 332789
242919 502770
717219 856711
905831 270828
610938 643114
863987 248344
573269 96556
238597 20234
578995 663515
995776 407493
213559 288258
531723 122035
568956 492549
240415 747209
363361 612775
826526 718655
632882 556442
586496 697816
263765 59862
382151 144484
837831 888018
132758 419420
429699 192502
264 997621
300569 847701
274534 470828
869804 81778
257589 65472
933122 869672
78378 637302
753768 878302
611826 755576
52758 159321
534247 246529
677349 70376
719490 962970
495610 734108
864854 454602
565025 983488
261271 558128
582472 141402
168140 588365
677923 987437
95009 192865
353548 563928
527103 393666
900901 888483
135562 68839
31235 471408
623330 521608
356972 86896
394027 349518
709453 366567
440231 805348
635997 787218
295877 892710
125681 601696
630845 326617
262217 195496
906349 494734
799044 852596
714178 957541
899239 650117
310958 424460
666021 811953
264436 65979
2452 302707
23045 464776
193298 562780
465687 172317
391311 214339
539631 375935
319432 984805
758746 630170
660234 904225
507032 4012
748850 560296
20761 807105
496164 206937
996992 27999
132876 61243
919733 860629
991657 257138
962985 900659
824440 218035
68808 652809
276003 892152
496196 860691
910021 57702
306983 525588
597273 509234
874911 807162
768726 973023
957388 437875
100042 464816
289216 887938
240811 386465
527305 170304
523290 16179
303592 733095
87084 556761
358560 776936
650186 789909
306289 784376
122027 441570
390542 861990
925862 998405
779404 424594
542650 119896
498207 8075
656910 910424
222627 278331
881766 212577
967707 633886
655166 768870
109236 370339
800104 244097
660467 856329
604966 10317
393690 638636
857663 607010
87894 994739
369292 68497
189771 535820
352318 483182
284583 808173
764656 727713
47642 760663
766841 919370
679372 15871
117293 914481
162125 200865
412367 304789
840033 7387
287270 695222
479544 734821
704929 556536
542813 527349
869024 284981
371760 951085
65562 59227
586881 96868
432334 841687
224068 138602
916900 944156
66471 882143
212369 803211
529871 696827
109742 905399
453014 380606
645924 859570
237138 948476
396481 808837
642713 318944
541868 355775
813929 68462
163234 961628
221427 391403
914122 148953
848986 11476
475594 128455
437186 228778
378428 475803
518621 561762
737695 75694
987805 440063
495225 665892
129223 5469
191405 907025
607545 964653
637405 627608
538274 423417
767553 801106
832388 772829
437670 630973
982420 629957
229134 104097
520179 926484
828949 556583
846601 435038
986150 253928
556483 181662
486094 483988
782894 480372
929041 649451
249287 619881
277581 428775
611697 607097
247833 85765
744988 293138
87596 294932
837029 797866
32901 831768
582220 880379
420150 86633
609488 960145
715856 234757
148530 243229
179814 596194
409193 813432
665597 496627
229457 320043
178644 682352
798959 949168
176545 900587
879941 572072
981988 434777
930618 428825
271731 503997
218657 485118
879029 81230
488680 660595
539880 217397
190381 24526
845633 589672
170647 468964
189748 835842
610605 943177
231071 343315
455341 658434
586748 899071
258017 374229
333611 391749
907015 572044
519719 323833
28373 817839
339099 177652
671940 644755
696166 65285
775023 496913
27604 384209
263351 255160
759187 615422
372065 613248
814949 398184
282687 57058
510147 422943
917058 877219
664970 291378
862927 239559
551639 276255
327115 453092
283429 796258
413066 702069
405657 187548
930844 884256
751766 932402
193364 695402
64426 616907
303791 563734
341835 478652
331859 651538
500909 807676
258228 938300
546248 306951
158185 418195
122383 931976
669058 724500
426483 465295
190439 156025
337483 780901
833208 301920
268197 660752
781283 75936
70508 423539
57573 273761
13531 250454
122003 885877
569129 461726
659314 372078
504861 237130
456017 817051
112784 327451
635572 474308
802995 741066
27849 475257
486480 415349
787611 623777
977665 586838
628000 820942
508783 306032
901244 762575
417889 526310
654007 774365
31889 581935
430429 992945
133733 501642
982669 936809
650881 715012
575379 921404
859129 42994
285963 390267
601944 303570
312012 700475
889738 843577
879054 753137
774579 508076
775386 528087
162414 43404
790252 549853
543552 867021
179435 309937
649303 875459
807837 17075
538904 246869
102514 813908
312925 68026
82402 231675
674795 680834
42913 341336
149236 932219
569818 717481
588732 661908
748451 793553
414714 888921
141125 43736
432596 133727
519608 895697
754015 427375
606521 176140
608434 125066
972710 691482
16032 599661
662887 778678
599984 632719
973021 520439
463365 940570
971529 146350
997010 80666
268861 743401
696460 559032
773673 245731
789860 840556
461180 264573
11275 117082
967128 566610
885500 581030
386456 127494
192563 899597
527380 692158
972131 351254
943063 169677
685796 259810
998232 496820
189350 334234
786595 369091
31133 856943
35472 635606
863904 780002
376927 849083
676583 934333
546756 259045
412929 545548
647889 879527
237127 73527
652928 245194
629710 57635
981118 391323
177023 146399
56240 492088
387843 835387
399877 765246
897513 730981
615045 652506
300480 299355
931454 848996
456061 268372
683045 5539
697536 46308
83190 790620
376883 483072
462715 422968
518781 465947
41864 708433
199492 706730
567613 933482
539576 515250
100910 613084
397313 116775
9704 499998
642887 58890
258527 237637
954854 243521
671397 317088
54306 284157
627496 474080
490619 524954
198158 50483
828766 9542
626337 45543
707423 882967
419416 160819
26112 406252
668098 238790
705260 977016
974006 701825
402794 70045
998804 340348
72169 378942
429707 955899
817677 927901
492511 69488
348914 22926
701207 973257
521812 345058
380129 157247
448249 365966
748460 342439
972000 786760
46658 293792
833686 204172
391027 971373
904911 727083
727755 140590
347652 187085
314133 321567
196851 858996
363127 722722
368819 342576
604008 394044
376746 207681
370221 356595
733886 746633
348385 63556
335474 616786
404833 87631
879172 169692
563823 327232
991250 40880
409805 388021
883231 464938
207578 694566
508682 740766
988261 892588
971458 665433
115956 81283
380953 55869
392578 395543
203858 514740
659330 116942
384042 511370
552332 685909
217007 593976
93853 747175
659124 792752
678147 863525
329142 108443
310877 472090
559973 347286
806275 135785
90528 662996
312709 992738
141597 930706
816305 670712
357037 249518
585048 855256
563349 802583
628388 862179
909550 859323
330963 819644
620479 200467
57966 206744
674315 956945
868643 762337
414273 268700
466936 475524
429467 512503
388195 516699
462207 874864
150456 796937
465916 210242
314774 45462
157930 476136

