1872 9308853813
45707 692240
409747 994352
564055 133166
307014 112383
143489 645949
477449 139289
399047 128090
605539 569764
771375 35357
914996 235171
349715 975054
751490 687776
338280 545216
572956 358206
67731 890401
411 406586
576665 820165
173412 295824
55915 203437
615210 670813
538742 29453
626842 665982
35136 787358
844115 405663
643498 160717
785272 634339
277312 328361
15469 993244
463583 94926
942670 557750
386451 78466
564407 953690
381380 704331
574365 983464
741453 113138
346534 696494
945090 562796
906384 182353
604495 664409
701309 224049
632967 55981
62232 946126
890918 694831
661419 387350
803042 849367
594914 631625
303431 688367
356246 202787
350434 703924
463090 335943
680694 2740
836163 334906
959345 482175
609172 108553
696198 36241
679876 42220
320066 797265
531426 306872
628258 850598
305390 453711
442953 978001
770563 411458
131159 370235
131231 750213
154214 632890
339872 211659
658144 537907
58334 329940
850454 266018
326084 120044
295421 69943
456073 315970
960032 638331
404342 960128
455644 828614
183577 252884
581472 134015
262080 455819
115405 809254
903253 363956
477070 36918
738975 441948
352224 754271
87369 867915
449131 801021
322263 605780
952414 555944
811341 746520
562485 730718
752915 880243
360430 775954
406992 273119
591565 590025
307397 70867
763315 261648
695797 356484
293449 49858
802765 913132
441356 947853
763733 39322
296938 631075
151961 659522
134926 812474
654756 369772
296801 182759
724473 792137
291482 8689
713821 765489
692178 97824
757084 133616
960632 355642
768699 513412
576428 567163
246669 932924
651167 703245
73254 901226
660355 645627
283634 273897
681565 885177
535225 9755
954762 830519
628383 148972
810641 549125
408272 865107
860834 993818
916994 477150
558301 281559
1510 810436
504533 880599
987965 965354
312003 253329
500786 456671
421944 353592
783782 614562
297306 608795
881336 178460
244344 672378
358474 470804
902292 12854
389352 582268
866231 201061
778421 276657
516444 231993
625797 655531
987751 29261
417173 279547
395622 961108
328795 971700
606676 800324
40089 706570
321000 501980
187657 512224
929747 936972
746356 78954
50580 916297
593293 798021
554004 117454
802860 619888
327878 691011
584512 88276
92184 511188
625231 855636
589902 822914
994799 265265
213066 442954
585848 934340
250357 365972
83052 794243
307287 585159
733530 115861
484683 358832
34602 48164
300917 757221
117604 791846
260896 893032
199680 801324
312400 377585
388183 953026
784241 995238
248593 755064
100850 974519
320279 745647
990380 111818
566894 680365
964598 602219
438544 472964
459754 762576
860173 246198
867430 403665
881376 129369
46154 951325
665246 514228
236947 198453
910238 23380
66064 715216
503281 944155
154766 617087
122787 300244
957201 431505
324654 325835
175316 349151
182610 656039
137514 760482
314651 501189
149096 81104
123842 691918
952558 683499
241257 605086
685556 470698
155877 373853
254389 663023
332037 116614
268869 399171
210946 881723
332717 448537
259464 1198
163422 832709
14338 636080
931699 104374
214534 826999
326286 230765
524162 508971
155531 677200
597691 939951
219581 731223
570722 823459
358332 606672
269310 339887
496908 215307
736171 575800
686543 526311
342950 55750
765944 898238
978122 829105
281979 986115
779830 853560
250219 56993
539029 659298
777592 117415
408129 710306
635631 693689
66584 103557
905936 111765
96727 753038
556500 984331
801146 776512
922841 451614
494747 645300
54655 685622
418275 542306
208744 489214
547205 76547
294898 290688
946567 355839
274947 171442
672081 730286
147994 506991
185942 715926
998983 599005
359424 690965
259889 352592
654170 426896
715936 213484
63237 523080
281905 840750
288947 541770
658695 154741
177218 872700
24739 770522
86065 965533
898024 228596
714013 893570
262097 91046
568143 462533
183379 394134
118687 14802
341674 185597
532253 156551
233702 399820
464694 472149
601529 208976
115432 448142
935292 940387
42384 867434
679115 385900
534419 759714
839182 702125
942488 480635
298374 488297
702505 715087
427381 768360
554394 372390
970135 557529
748198 798970
562288 617634
362321 974068
828657 230203
578822 660044
234900 904303
179138 747870
18780 323378
809975 375134
721406 510642
688258 428341
165846 304566
670699 620238
513523 333675
963016 292701
380118 782104
312767 960446
909556 244301
264094 215785
327898 278088
570599 690386
258383 282370
328353 378030
333735 57068
664404 575673
985867 660671
138200 748944
659488 787907
942337 377502
485189 895799
622355 647776
773648 984288
702610 683708
621157 966131
316229 171644
823333 20021
427923 807408
371678 529248
184691 315942
914972 192411
399029 414392
184221 198889
90397 866419
750406 580712
296347 784815
711043 946135
30266 656004
526857 552511
616936 104666
551660 446892
33583 92883
123963 81295
177192 477698
673984 606280
441789 597179
967970 891784
449888 306604
474600 382283
45890 667573
501973 692448
32983 959603
504415 232500
632465 89962
700901 582482
717867 144967
783260 753607
412010 476225
696851 638229
712745 467473
548813 599619
517141 813868
199603 346896
852182 986522
769936 895475
395506 356615
565255 814020
338159 90987
907562 327723
827596 280267
38943 471099
10501 343247
116206 834902
660467 254563
734456 592870
263122 170293
442999 358116
209807 70527
380346 557971
450238 577179
34237 388146
391537 847971
960443 411081
89674 401479
581403 198919
235381 833236
282232 822741
868635 494254
322888 912556
376402 663736
255577 615151
251993 559156
673761 32862
615624 990604
587489 175605
872198 410952
833176 984908
66532 642324
382401 368439
139854 661564
196400 576551
637716 613367
570382 106785
547724 561437
166427 759584
874890 733789
384624 256703
436199 58239
574280 430705
212162 646191
986197 16694
393421 667926
422316 38784
22019 71618
463265 247962
787460 447671
599001 619111
750053 527066
918312 966140
782134 146496
69428 779200
793347 263464
711695 265763
652997 465062
536648 504958
299481 849137
767553 300957
557527 25570
744633 304692
977637 246426
469053 407399
586605 206663
633393 275679
573373 963943
44232 823089
119942 302996
350342 264595
768329 203501
745642 303689
716649 717777
595753 640932
384133 32805
389410 134141
628487 888543
215955 225843
252456 458814
609331 60990
932933 758425
690155 570947
107187 598882
488397 600234
3804 472005
444776 841987
337148 833605
787352 464980
664328 312194
168570 827000
454957 182369
753688 397279
919407 504715
751858 395977
485352 233030
41051 621576
349305 599545
26504 981624
531533 418770
457144 875658
379378 473561
445149 424560
470295 475665
728237 17618
988203 608310
811875 932691
874328 950181
580878 895441
988799 990561
263165 5878
824310 4467
512494 802074
450554 557586
72405 972082
127174 214446
502863 782464
618455 692095
814984 376696
152974 969842
954357 761229
350200 155068
361081 888282
617727 619688
44279 129699
710321 837479
97406 977447
453446 367716
360277 972243
769087 643037
790038 213248
157857 810259
940302 290389
487669 62228
412474 729918
371570 992971
272455 992109
859316 318145
553307 20328
435363 823699
963946 931159
997167 217330
808342 366230
315392 19466
1149 536560
174353 628532
865669 969087
120317 868837
15086 105075
618079 719079
505915 569193
851944 389069
160705 619683
570310 708272
934085 436025
63188 994796
354723 139931
817102 626049
277036 143121
229655 441862
962551 146543
169576 165720
440888 998922
301076 743477
985585 282961
963213 188513
980500 389742
607033 204387
910819 268779
464405 361923
211858 893467
167519 542150
104313 971300
635950 382314
45802 471186
176633 978901
517554 347039
893247 298036
29223 532420
464112 356395
621355 294674
620357 801734
770979 165208
325125 499115
525938 664073
733884 19973
723271 122837
745667 187523
183621 768771
934432 598881
767055 183439
256928 367954
363260 258241
912181 960660
653723 32578
805635 465312
443623 17992
554758 433547
890074 314163
789349 884826
297589 196543
570939 1556
397130 358193
82897 200175
579597 375564
514297 792205
612648 760696
663453 580050
703583 989728
20875 505150
791425 408572
665304 39055
513721 36956
465696 855591
305034 693067
821997 892918
84792 148162
212243 367192
594378 783541
261689 218254
910408 507098
236919 721996
845767 883408
208432 832012
180208 787900
499145 253699
422640 663193
197445 81992
973067 846041
649435 124154
487859 916581
872618 719879
15768 405030
422047 194588
727931 102305
737459 999586
531919 739376
840161 212064
811809 643681
940558 685851
640319 83756
889264 388655
689656 335980
847962 928815
263230 625841
980593 773699
950966 192852
434334 40303
822127 292750
894932 37986
137657 858364
54625 234632
492483 809482
197190 303068
166751 477628
450486 730906
423682 357894
251406 288539
259690 53410
985999 309193
643918 573045
698910 391104
28276 934180
461259 759372
599138 357541
901959 212626
203626 255056
270256 93503
438374 522725
547326 517591
505327 690181
637744 212295
908369 39970
774294 710357
500793 423736
170925 734219
948388 736606
909011 503853
593402 706207
318287 871177
247746 771307
702015 248779
226881 765633
686426 285943
502647 41427
662032 855932
540915 854390
337850 366518
402312 822289
807648 758227
763251 265942
696934 59049
50240 27658
143813 649567
407350 99602
17820 592706
83978 188115
427695 310859
729152 14092
677192 635875
941757 154043
58017 830651
808662 629668
432111 734569
178595 892809
893701 462235
115359 23060
739017 674121
583650 184018
286001 521563
359326 431509
721355 137949
582781 214796
705075 366087
876832 150548
479520 293607
791240 977741
956047 484646
547073 668775
999836 67792
953282 977751
605971 554478
612333 591026
862264 929682
329326 35256
46123 155336
431828 359161
969815 413602
405042 500929
830335 75368
467967 679866
125853 109232
979123 308026
325470 375098
133872 710046
81789 298418
753139 495186
306738 741090
286513 976813
406912 684354
797104 965586
60224 230722
480020 682870
455265 611721
234268 458007
570149 926844
789887 652255
961540 918683
647664 106997
247885 262618
912672 399068
329889 870078
979018 125994
971891 766398
224366 286020
61505 972361
76328 376710
463034 857725
688383 730787
869386 527428
389112 81753
763924 859596
798919 103556
574431 642466
287696 285630
717087 896073
184942 429620
273085 690162
253474 517569
416797 941144
287533 931337
291703 839661
62308 976970
996508 633431
993223 414493
238876 603426
821494 560391
324643 211240
752793 871315
760068 843830
67788 566820
287215 504582
132094 930428
648850 209708
987209 935304
50877 332413
625152 519874
41235 910752
90100 214383
654761 363591
444113 955864
389470 575405
867502 737300
831193 792409
952370 509517
685326 146170
158819 683947
19106 376436
964849 137648
483919 854046
422235 603167
651237 21719
190613 784903
89356 32381
926612 100958
897030 187193
910861 145561
478515 793020
720543 452347
744050 967934
396686 966139
128011 997894
292911 782995
687785 353507
226360 613415
337901 137742
183797 813264
305739 368425
660643 990607
976033 820081
960466 824284
308330 504040
404163 202729
174785 590521
409055 874337
941330 798370
923173 494383
888376 312310
727057 975818
105796 263210
750412 153592
384048 529721
291759 152830
395962 552454
385099 532190
730552 349399
631549 416115
801159 970563
117030 969031
801375 690105
453248 663491
22590 346315
71171 491192
905730 245874
177271 986361
334659 241902
91113 499275
273618 548553
549219 818345
335573 694741
548425 570456
72565 525522
246598 821823
578454 327988
562393 387871
688946 149510
708409 135859
521579 764623
684528 142646
571182 407692
538375 78723
617700 62695
821150 58375
449741 822014
786978 457807
405709 432483
294602 737358
916773 219357
908517 697296
294701 83908
573439 67830
447770 589364
692397 389122
5026 824262
173218 394991
310934 618113
755848 833774
641760 306816
118257 646490
276346 744233
136899 164531
951904 311608
55737 255891
6643 848595
749472 354268
514756 461614
150035 499468
774854 780590
419858 789356
453358 421359
101974 680262
208670 453579
15021 498938
733262 539747
8300 41904
26221 784041
856853 765922
134545 863821
445824 682607
268224 39176
445262 337300
317693 576035
120331 776679
281034 12358
88930 882732
159963 712555
226970 469836
363032 786959
817610 613299
646573 233356
584619 777441
868685 248374
123616 741745
172334 1071
792042 809894
462473 105719
339657 959829
853513 676925
131848 909779
939820 835908
885182 334600
701546 937634
865932 23509
689601 801416
914413 169570
442963 897028
809509 667084
322938 152540
201947 130707
634753 389888
461566 650400
499537 628764
592670 808048
478143 165216
384160 667473
573023 569201
753820 621589
352202 645659
159984 16234
257271 327403
204880 861926
312553 894810
255192 895705
429449 97485
929096 554352
772479 240074
49857 164220
144736 143387
245762 578176
158722 578997
740833 785458
605812 926368
392441 790577
777914 42750
51863 734902
928245 136403
648059 265760
529228 186068
618220 624205
380885 673042
275344 274756
388798 813150
802070 983310
314419 155597
24446 450028
806497 777568
996744 728528
403177 801998
766364 458120
847650 165414
796419 358352
863726 789616
960674 131141
128228 112839
800674 59506
42350 753600
904048 126754
530059 233657
734606 194194
517041 913900
498739 377110
314738 368665
505817 476043
584058 628092
579447 370656
340385 441924
842053 361975
283992 723325
907523 193537
263413 902619
386059 116392
447962 194379
633584 358912
505506 452943
914611 733614
400530 49712
567833 420549
130140 133912
935903 388018
955468 631369
501250 597927
345691 38241
697936 608854
377278 702883
708776 464714
368694 499183
153453 907070
719410 973831
572656 350544
312218 769714
372222 14465
226474 690930
190700 386546
9967 326265
458481 83982
204938 13805
668997 567990
891434 722471
840307 326819
133779 948845
962297 474840
92031 827307
978586 156057
860715 680832
600564 834066
71127 325644
945322 463301
972123 835705
91517 837281
904384 988832
234426 271845
342119 480900
489381 551299
896825 102870
93645 765393
129941 459311
999630 120789
946498 224272
606413 605055
878075 567475
901675 726513
483160 554798
420938 385096
132027 938818
875635 323008
496682 447478
542914 65182
462125 888908
865393 449715
999114 765583
976878 815611
937170 915339
630827 560766
614050 340633
558005 345054
213503 634232
184391 903920
138569 906895
572751 724925
993153 439581
452991 675526
171872 781564
457776 505802
841447 449477
183547 26966
616606 517530
868793 964393
236313 868088
218687 704271
517099 497543
743819 369314
687603 139171
165128 425481
875224 770345
839104 779037
473645 146088
831389 902352
168461 948481
63989 404919
826477 26131
249903 978470
269749 369884
541416 782734
818130 280279
573061 601925
213633 429495
438919 990653
830884 360973
543999 470066
557379 857630
993657 170470
862390 172427
761680 331899
953161 596543
58998 799995
206812 889915
618272 922528
373307 641186
627816 707987
886779 827885
709996 102016
934629 723963
595241 257644
7407 591517
610135 777107
68455 760859
743178 583553
364980 819648
237324 336526
786899 634927
705385 849539
43855 522451
945117 7941
201690 600789
284945 979077
861931 445458
583760 30774
9647 903539
217892 888933
59644 479200
97836 143795
710219 596661
507910 167833
552324 355274
612690 327534
702472 921352
507619 858594
365625 721652
445451 684606
874336 363201
451739 720795
538103 586065
102051 721817
395545 490887
755071 711112
856708 424638
449808 522113
765918 486412
645492 342659
260141 114906
812714 235139
513828 882234
722680 647469
890602 309934
334612 355999
429317 738068
452199 412421
31939 210213
18251 649483
326580 612760
467636 989820
106527 761299
697323 110655
852616 19380
466160 190727
728741 383842
917812 463331
581873 307969
67324 693590
886292 72632
575297 171084
506672 20547
519707 579395
603148 164793
912967 306013
917730 143712
166847 782148
29713 833808
30250 249743
351175 551179
979257 595982
838640 901651
546912 738692
440560 966393
233051 225462
933272 182684
261679 264737
240703 300370
369729 77744
151699 365255
786873 505679
866119 650113
439470 842025
689917 207508
220150 552877
371423 999052
20368 885313
599776 977300
509826 391196
702617 957792
50240 387603
805231 186291
116267 709475
279803 40082
876704 609094
962380 844204
719967 632631
812255 602892
497061 573025
753810 820075
438214 312671
99246 863702
30282 488416
196049 415806
125856 2980
101749 805126
827985 15891
871019 123760
933122 375411
788147 952484
479390 485547
8494 562509
881778 451668
784887 173045
987767 954578
683617 744368
804245 229848
443638 834902
429346 827416
555697 317563
398807 490797
958662 69406
774637 500887
515530 685993
529965 286627
103403 701519
350260 540971
653771 386884
644307 507413
31280 368833
749886 972811
918912 686102
642859 952618
880526 197607
155041 631742
918625 525244
399 929199
959772 621169
434640 418410
682335 856971
620186 541139
999955 260500
693599 658915
354669 786536
247490 878194
994932 392609
664906 346260
71347 612775
229708 138206
79771 412006
340387 58422
168679 572678
197449 835246
971266 82468
789840 277964
137228 195322
385479 190491
702460 873466
146044 902252
270104 613099
873186 666129
957621 250417
516742 223181
270134 76131
94434 529336
701993 243701
573363 639090
584594 73754
168202 498212
567273 247944
964612 607854
938152 733374
927355 166719
393366 942941
509909 403801
972667 815652
98418 172345
555304 324587
271246 647129
981256 601533
213121 292795
925963 447373
775657 633396
317214 24885
768394 878813
407283 923118
761108 172102
583026 944221
322443 45589
339868 624107
374335 349752
59774 971227
440081 79164
801323 700456
436795 99361
598690 890372
878294 646133
363746 389308
351418 459352
833987 248162
338049 261490
105519 256378
575480 349403
136057 482852
228995 338384
212301 823267
480529 480710
708527 69436
510618 579231
644374 86269
362595 79914
861061 65380
488613 538970
118465 890280
599853 320434
279505 92678
85166 599463
331909 600022
405744 137610
193422 74777
324849 219004
105503 758673
714610 802196
225335 742986
160383 728308
793723 252689
173470 845970
118707 586721
889501 670228
594069 124138
356264 725495
421882 640237
365882 84489
687685 13571
770127 662216
275071 296951
489484 284272
251327 352423
666968 430277
996949 104110
800665 205361
721359 315142
11829 16008
617796 140912
98426 872194
430177 579821
572525 3600
366264 505432
126891 579344
427065 437776
728804 189937
880325 922082
213579 429104
470379 479514
538282 312930
669464 465265
884023 533388
699556 339371
55938 511761
653742 859968
667709 503691
553563 775323
326801 582487
495279 175918
134392 816619
554732 150106
596816 627009
600963 978526
69367 415304
360745 159320
548483 113972
635946 428447
414112 642462
331219 972380
259551 961228
800517 141880
753301 52309
450916 843049
790664 303160
436966 771349
75531 91897
113846 738436
746667 415112
114878 56720
938128 380510
923272 260884
767828 287771
306551 810238
123933 529852
847736 82713
856443 385633
809 340855
706939 780570
747406 395978
362837 572899
646185 691638
225194 643053
996349 549256
617893 946741
303235 482119
654335 699547
975559 207833
69510 901717
41726 734662
316843 578507
150547 540710
99822 189402
814120 478698
622975 574982
600140 685124
809162 175491
409864 568095
399398 24438
203198 236444
199021 278361
745467 472908
663271 250696
812899 834255
86874 569012
785902 490688
258037 646197
652026 617903
981227 485282
230452 525820
538669 136314
12910 672969
611137 282046
882266 574162
15635 901202
385985 269111
758113 133773
463370 605909
923111 940988
593365 312557
57798 799750
574945 621930
774543 671550
931679 943530
56499 529526
300180 11791
125420 684738
128347 798582
282335 589362
817944 538124
841062 608121
4058 833873
917331 539589
16182 226748
533264 398409
754576 983228
511396 368349
847884 805148
295656 561060
706678 855899
600459 146498
279291 895887
506610 178270
153575 145216
105331 825858
382443 138628
773021 876302
494816 903776
457000 188924
486287 651429
663422 846909
276235 76940
107572 811579
763218 492078
962274 160325
336791 179604
143339 424660
413378 417035
340462 512360
469774 152809
885195 962049
69125 284617
586405 462298
668880 294482
140049 657400
968010 70054
287622 783206
635761 115812
302637 899455
790986 61424
201587 700836
128275 529804
667242 460126
136587 730818
305080 560251
877774 115984
727267 87654
200803 863853
188090 732966
635046 213811
748014 540466
397336 445065
573967 641950
536949 164435
233930 595927
689036 77454
375039 507683
263747 532587
487597 291110
260653 385073
131872 907126
935199 550569
740513 363256
511156 647867
785032 527716
267181 673134
331048 282842
447085 596649
2321 94310
995898 144114
746801 14559
355868 349413
287164 537026
653470 216328
61495 233067
630480 520224
31703 162168
960133 244337
382112 786908
15104 533757
644478 258605
9945 632333
535747 889049
632024 934784
726152 342740
374705 95891
956657 693285
690291 899590
942385 224207
437174 558661
975435 169875
336147 622551
918676 646420
675347 799200
977040 476698
307760 336651
295063 53555
819499 798977
497668 915984
515211 571983
897535 760545
494097 38222
56755 797860
9548 966510
784656 579857
703344 492521
994641 855696
385825 286264
31933 759405
660102 516727
666955 50961
457479 641604
34396 252987
936612 896301
286855 809057
889225 382891
744047 527724
682932 922666
766981 350995
727728 35967
568016 834401
4001 38576
600714 589101
767570 345007
489785 3686
229555 557818
261861 270890
185879 109056
377112 294480
364318 108424
683878 790995
642861 92238
115203 718854
620957 92419
434338 114480
462271 682356
661049 368398
877283 947856
545917 587694
106417 105544
814024 111505
68942 205345
358970 199562
904524 811083
601456 586579
222190 737896
982957 241553
309734 651087
730176 741298
384516 888741
897004 415152
450283 272787
474847 855411
579278 394040
336696 987122
702169 294365
744069 181078
841960 43120
35793 420731
777741 416675
498051 363938
296675 568456
533066 607370
308307 552658
893463 892898
677406 8716
37044 126737
857850 520492
184959 478668
449236 272726
926237 424750
512818 527890
851421 757986
649529 326579
574498 911859
267018 355751
249724 440759
44253 849654
947174 623049
995084 27263
742955 263608
393763 308752
801938 907740
204448 788611
364787 352386
911574 598941
708148 226657
673379 483419
700671 859927
827273 264863
337581 52490
815227 184460
670869 942106
829156 969396
654884 609826
538364 694804
662348 706495
46679 195031
782367 562209
697403 149065
480432 479814
577927 329585
4382 674729
611358 588787
280755 254273
496153 355013
519980 615918
130802 174060
390177 460727
835247 108322
917394 684228
374694 841677
764027 917342
13390 920511
592703 956987
80593 789772
729593 386003
906984 144523
854737 750642
753064 29868
718116 86258
275773 960241
906401 692391
208823 664866
597830 395999
109924 209449
298440 346547
917864 514244
765014 343586
180276 497214
993717 132124
689870 837073
503579 709650
478427 484961
934171 240993
660731 851237
102084 455313
908784 10410
91992 38607
359844 672540
881006 455648
697061 425302
167272 163089
78682 336099
690704 554034
147062 248477
13021 732511
230541 773938
276128 434733
234985 485824
871414 668074
922382 579490
783851 933747
114925 476518
761505 942023
965433 172025
238785 856951
948367 197366
564311 668849
848574 402844
136392 232164
142649 166118
245858 337036
136120 46851
278705 522247
85499 331337
323101 729351
702042 170455
201591 470345
165478 256672
946472 844806
737485 498739
928252 432979
33860 789298
953496 912669
626413 7384
550533 160206
591405 610489
703507 359846
266273 133922
83918 377780
370100 993351
109938 683095
311265 667447
532290 787512
548570 96172
758270 766926
423898 909014
110870 814126
136767 834150
521133 968780
887782 805275
613692 987584
322067 553948
540275 958838
205051 752606
81700 777709
46807 773212
290689 969717
595909 80245
699406 861024
281777 661654
965706 453298
88679 267521
688033 253889
10663 124280
36968 491453
447638 65527
257595 155281
484151 265279
28502 639713
155219 825700
956174 619897
64685 652290
716359 680604
702827 775966
550373 501718
407313 41542
170051 868797
725501 328754
28012 133549
923348 266969
688291 461300
782413 686428
376879 384733
402064 62032
831653 803990
406983 835209
223972 644088
910736 808668
823109 338219
327503 629732
44234 835975
918335 430095
511084 787518
149948 373628
307526 568846
290753 453286
699305 515707
831556 388015
666321 143981
818921 655731
233349 311595
599494 355705
602932 818966
744759 99533
818341 234095
512916 630992
936195 309669
152827 260245
571012 94407
445138 471005
680939 249769
895327 52729
335158 802817
125213 374749
471640 280235
410717 961425
484848 635170
957208 31362
977324 172457
371411 435912
639669 331026
753991 238418
847267 46741
363251 238774
229466 68080
640880 793265
763178 98867
503122 90400
993024 556655
89822 193868
465025 812705
297764 842847
954766 812384
778269 349651
868800 539285
832539 843754
894796 333315
792893 636766
134234 143077
734832 649260
108897 291012
436793 362333
113780 968272
525163 596715
384803 141524
810617 270095
661487 285921
297082 851418
954510 473115
448032 400901
502696 356690
18106 817326
192704 28764
888098 132899
344470 22454
650692 778285
224510 217505
434977 539847
578624 946282
26710 206071
253466 766697
987344 966857
654744 536760
116578 93991
652678 661456
175403 299127
503976 994042
418913 79833
670476 809454
198040 217254
79694 461577
314210 713712
658866 183307
256284 540960
744866 189203
404745 137451
658047 868019
401699 109988
989923 764273
39017 971640
681831 316343
348655 616236
67739 369603
883573 652278
375289 197298
897018 832948
551652 40960
915370 586216
961019 639504
84671 976741
92860 172943
777028 533769
233627 539911
288076 237071
765559 271663
896959 210667
334791 911709
730940 559739
926339 441482
332553 250065
411758 126872
718672 141525
579720 488802
602009 958093
867257 953151
424855 932109
38295 100642
521912 216327
253512 458811
238511 65670
501363 402861
220755 950474
905975 465983
292385 388603
504964 313911
540722 162491
405668 194157
841459 417729

