1000 1
224 287
71 670
743 741
993 13
375 575
491 306
735 48
617 479
686 278
436 57
385 401
811 541
806 313
474 355
528 469
48 617
622 189
325 469
721 862
877 361
871 393
441 285
321 11
51 813
721 709
361 906
584 641
369 569
606 255
391 625
265 910
641 119
651 811
990 121
853 745
587 873
321 689
130 545
861 636
510 301
228 449
46 281
789 276
25 231
485 267
81 991
255 327
334 6
159 463
979 859
679 609
969 391
41 20
592 573
225 824
945 336
593 120
260 96
161 731
577 708
281 401
127 642
338 475
413 428
819 526
709 602
660 762
581 185
877 545
793 892
777 864
112 176
517 219
891 801
892 999
580 909
91 929
361 609
532 665
826 641
271 713
631 345
309 26
814 369
959 345
731 93
256 86
291 470
301 625
417 452
872 701
341 393
232 727
281 176
601 129
890 771
640 905
722 210
951 997
427 903
225 205
297 345
539 56
701 153
497 319
585 851
323 391
695 952
933 585
727 990
401 501
647 89
361 481
395 49
699 97
641 593
7 101
809 349
25 625
594 353
981 311
431 335
113 673
632 311
351 885
461 669
341 900
129 951
734 849
455 414
281 296
716 499
855 603
67 31
199 391
417 976
19 11
681 946
963 161
476 686
197 969
793 11
656 853
771 649
776 266
743 499
541 915
32 753
297 702
138 620
123 49
957 505
136 729
263 825
53 771
706 991
305 989
947 763
100 471
376 801
117 320
342 486
805 846
799 92
501 785
99 29
659 101
457 881
135 729
41 693
309 625
591 233
95 779
97 601
695 623
793 481
683 781
625 941
789 596
973 521
170 901
218 281
44 327
550 348
64 138
617 159
770 745
537 689
145 191
841 215
450 81
901 259
540 317
829 666
487 905
183 601
570 307
919 318
416 533
383 632
749 35
11 772
115 813
635 257
307 273
535 957
923 651
468 234
745 828
301 979
761 25
453 907
616 556
321 744
901 199
773 678
401 81
131 129
851 197
641 543
49 281
889 886
633 57
533 466
553 136
538 706
351 439
873 677
581 706
569 241
1 777
481 241
1 785
584 581
423 712
91 571
193 401
838 501
777 482
881 165
785 906
997 911
867 88
489 645
993 569
857 719
542 699
307 681
748 349
423 735
110 145
993 237
227 942
241 505
937 733
401 303
763 491
735 494
601 917
51 556
870 9
541 865
745 271
875 720
639 293
384 501
341 405
721 961
526 977
493 273
95 561
918 788
685 353
369 97
561 581
401 64
921 29
172 805
207 91
287 479
335 844
87 266
642 562
991 701
501 961
151 969
91 796
893 351
736 201
870 486
153 459
531 695
998 72
453 785
762 937
31 175
877 885
334 529
837 291
197 2
603 851
401 683
415 471
309 583
416 461
263 551
611 612
161 207
906 937
741 22
967 197
381 215
461 781
776 477
51 171
1 705
160 153
293 181
689 726
56 197
298 301
741 202
555 543
561 246
26 711
836 377
769 858
221 307
109 499
861 481
441 201
453 56
915 377
867 341
359 261
137 5
753 251
131 317
31 335
511 805
60 937
571 671
261 893
120 551
626 603
663 735
809 803
83 95
916 156
36 841
877 394
63 659
386 578
206 717
11 1000
126 573
417 241
672 275
801 137
737 425
389 897
116 561
446 841
805 226
11 180
679 577
237 575
245 378
405 623
597 149
957 905
916 294
853 623
209 305
503 32
678 59
6 941
613 126
995 761
704 133
279 581
701 798
355 983
150 856
871 321
881 358
881 897
161 737
201 551
704 825
529 435
665 569
8 766
643 808
758 221
235 889
553 673
193 939
439 622
833 489
684 564
222 317
801 381
992 68
875 151
51 989
566 337
821 161
654 526
199 980
346 709
345 139
101 841
433 705
375 146
1 791
85 616
610 788
901 849
581 99
728 717
378 926
657 441
770 409
541 170
891 331
719 398
281 413
913 226
580 89
839 521
73 326
716 765
423 457
601 959
647 177
329 996
863 341
303 179
341 447
40 97
551 244
810 501
829 509
599 61
891 643
969 661
329 401
91 547
129 333
789 857
561 217
985 409
109 701
1 121
63 495
838 16
725 313
833 251
685 753
731 945
131 96
18 811
206 145
742 175
55 49
317 233
594 394
760 17
901 605
681 741
992 489
863 774
243 296
92 271
871 275
447 425
374 488
975 137
257 691
607 271
889 851
176 509
625 101
732 451
825 564
45 377
712 531
656 840
753 480
646 745
551 373
571 611
280 922
254 929
420 251
519 686
228 761
34 960
961 518
921 436
829 845
89 351
70 809
497 551
69 101
597 405
965 852
65 21
563 173
849 754
581 313
155 321
305 681
934 126
101 756
341 767
610 518
585 506
723 613
176 76
154 209
301 964
585 429
365 503
232 805
601 77
295 77
707 727
156 561
673 633
596 123
247 519
737 549
634 520
957 513
65 51
743 803
801 50
751 176
67 383
897 27
177 771
389 108
65 195
797 701
981 635
5 949
161 604
294 568
337 31
434 353
521 571
763 907
357 501
341 766
559 977
62 925
697 451
971 321
950 921
318 504
412 168
771 456
936 609
670 46
227 404
33 506
476 922
288 7
679 498
127 421
481 460
309 73
320 1
203 811
401 565
927 866
934 991
306 368
579 441
158 851
717 398
17 563
453 382
919 709
390 361
457 559
601 181
817 768
869 1
657 236
661 629
757 749
625 322
806 942
917 688
321 445
217 590
986 347
410 881
826 229
769 751
757 33
861 746
635 3
507 331
621 584
737 467
677 78
23 610
141 601
706 289
283 855
381 730
988 731
325 631
51 17
847 749
542 421
87 937
61 513
801 412
815 215
490 61
433 764
122 257
574 971
998 208
696 387
891 122
697 441
558 726
523 161
536 737
52 306
300 586
249 706
643 476
321 860
157 51
209 475
697 703
895 816
856 57
910 746
876 336
124 455
930 125
31 187
167 311
661 268
646 873
409 41
461 953
239 331
773 41
927 5
666 595
627 721
437 805
520 315
675 865
778 993
161 9
300 50
184 196
1 245
891 485
598 601
370 517
371 311
427 466
501 517
305 454
491 690
946 169
144 605
479 196
654 134
596 125
582 836
19 194
615 373
363 25
304 1
243 550
331 418
201 848
277 415
577 286
206 484
843 881
411 233
21 14
525 593
842 501
481 682
458 224
157 700
400 935
497 128
775 881
576 915
343 595
1 879
962 497
233 831
409 15
593 637
601 255
450 473
295 464
213 30
740 7
696 253
725 103
715 921
851 837
277 291
142 569
281 650
186 681
251 225
152 721
793 782
811 43
121 419
950 676
356 969
802 441
689 874
374 881
308 961
489 408
786 465
921 820
753 687
141 269
161 198
213 266
718 929
210 989
619 676
564 208
1 667
167 755
661 658
354 989
885 164
10 401
200 708
919 90
694 584
153 822
216 251
618 945
246 448
557 81
184 355
903 572
997 882
641 24
546 101
629 982
807 937
339 791
248 501
305 931
711 896
211 631
751 422
786 670
630 761
725 443
797 426
111 857
197 332
787 221
41 653
983 644
314 197
492 646
369 380
515 265
166 478
149 955
534 113
669 47
261 544
163 306
39 76
640 966
553 986
783 657
817 977
501 834
240 252
895 601
107 878
315 249
1 792
223 498
387 158
31 12
162 633
399 301
973 220
421 925
759 861
79 833
814 182
367 926
475 407
660 312
242 569
501 739
641 264
710 949
935 336
449 804
121 500
761 888
701 956
316 377
80 293
830 181
214 973
861 174
244 414
43 938
588 905
277 899
113 105
944 254
403 815
984 886
34 992
863 440
349 66
600 376
466 514
47 887
954 179
339 397
617 868
978 161
674 956
589 799
835 291
76 483
861 818
284 231
576 948
472 10
692 841
738 493
427 902
330 953
86 633
597 972
324 901
548 497
463 250
502 152
282 590
366 11
886 920
780 813
299 268
58 713
418 965
71 884
274 730
444 211
344 125
84 73
406 201
166 556
789 970
238 551
747 668
512 425
752 380
768 928
638 525
652 229
272 697
82 963
365 943
971 438
509 795
908 606
940 657
106 59
360 427
749 974
529 234
505 388
329 424
668 287
794 101
914 961
827 583
37 446
75 425
878 230
949 655
891 527
430 14
714 457
511 114
28 157
680 990
233 578
438 524
732 143
691 812
556 554
823 601
201 530
501 107
502 462
567 253
352 270
42 889
614 583
362 796
665 628
853 302
576 496
621 883
683 258
106 54
801 212
133 924
886 508
350 403
377 290
994 41
785 240
790 811
178 729
849 987
352 296
516 781
208 784
273 854
619 724
188 721
571 38
821 147
325 880
126 396
814 140
715 958
362 340
777 898
912 417
859 560
310 919
94 332
697 379
347 292
750 111
552 527
517 118
465 98
784 932
478 432
648 387
637 148
571 328
205 402
913 442
848 664
737 522
769 894
5 132
573 74
190 156
113 904
698 922
316 832
113 624
116 4
262 841
902 372
608 633
881 392
726 662
204 17
850 891
102 577
968 35
364 774
16 104
800 821
489 192
