1000
-5335.83 -3725.99
-953.34 -2714.83
-499.86 -9385.44
632.5 -5855.59
8871.56 -2533.79
-9702.81 6769.85
9568.22 -6866.33
-9639.71 2061.21
-7403.52 3992.8
-9159.04 -5276.53
-5367.67 -7869.08
9571.22 -9018.74
-2259.38 -2266.74
138.64 -8409.54
-9496.22 -7007.05
-5773.92 -2717.62
-2153.98 -8303.44
3540.82 2890.16
-2691.46 4557.54
-1244.45 -1855.55
-8726.42 4830.95
2467.2 -797.73
-8117.82 8666.56
2087.66 492.73
4083.94 -3396.71
-8089.43 7281.32
-9363.2 -7692.54
-4988.94 -1533.57
2212.05 -995.09
4195.31 -3532.78
-3275.57 -1164.17
1953.71 -456.83
-8820.03 7381.0
5923.79 -5277.37
6081.66 -2891.8
3142.87 3492.37
-2509.49 7254.9
1058.42 318.12
7404.41 958.23
-8655.13 4185.02
-8679.76 -8286.07
-2995.78 -9233.26
-9423.38 -521.58
6804.33 552.65
-7433.22 -1328.38
-3906.07 -5944.89
4742.92 -499.97
-0.09 9109.09
-4178.42 -282.98
-338.45 4211.66
4448.87 -2669.6
508.32 -5817.29
-942.12 -1194.44
2862.05 -4739.5
-6805.97 -1443.67
-1642.02 -2024.44
2332.98 -9059.24
3255.43 6090.93
1487.79 236.85
-9011.48 3297.04
-394.85 2431.37
-7223.61 -8657.22
-211.98 5705.65
-9401.22 1223.75
-2877.3 -1261.14
-1394.12 -7202.45
-7699.06 -378.16
-1935.37 -7731.74
-6166.95 -3292.2
-9920.51 -8236.93
-5069.97 -2255.19
-170.62 -8144.89
-5033.46 8228.25
-1166.27 1423.12
6834.45 -7834.65
-7197.55 9068.24
-3362.05 2979.92
-5045.69 8969.04
758.49 9934.9
-4897.13 -6280.37
-7768.34 -507.51
9237.09 9805.31
-913.48 678.42
1360.72 -3179.65
-5257.48 -7719.64
-1993.83 -4730.05
-7112.23 -3647.59
1693.28 5001.44
-7078.74 528.36
3276.39 -8966.53
-4994.4 9432.85
1100.01 5929.89
-1785.32 -8353.06
-144.38 -1934.33
-3237.77 7700.92
7374.66 5993.95
-4678.45 -374.2
3965.74 3770.22
-2891.19 -5862.0
-9314.34 1257.36
-3066.17 9601.31
2628.04 -2836.4
-51.87 7647.86
-958.36 5700.51
4252.81 -2996.32
-2210.88 -5614.27
5572.55 487.31
5880.82 6600.0
-4668.79 -690.21
7983.0 4310.96
-5577.97 -7570.77
6854.35 8907.47
-1102.45 9126.19
-2357.92 9263.67
-6753.25 -7029.67
5503.67 4724.72
-2703.16 -9572.4
5606.73 -7213.88
-4553.34 -4631.45
7869.83 9108.58
7742.47 9767.61
-2248.05 3233.0
5716.06 3217.85
-2135.34 -8404.19
1894.49 -9877.13
-7857.46 -8799.51
-9183.04 4430.44
-7078.64 -292.94
8722.05 1592.62
-7022.56 4601.21
-8032.45 9574.98
-2293.95 1039.92
-5568.39 -4746.54
6990.42 2776.38
-4116.43 6255.42
9511.42 7895.2
2312.56 4752.81
-6086.42 -6676.61
-200.62 5591.97
5902.94 -5991.92
-7600.95 -9561.64
8127.48 9183.56
1145.65 2791.64
4277.13 3562.49
4589.06 -8679.89
737.05 -3791.75
4593.48 8262.72
-8705.86 9781.74
1257.12 -857.62
-8277.01 8522.95
6366.29 6651.1
5154.52 5619.76
-774.75 -307.57
6568.19 4048.11
-1787.84 -9096.69
2528.56 4244.31
9543.82 2777.56
4977.35 -5051.54
6780.06 8030.33
-9258.93 7461.02
70.26 5135.73
-2167.87 9580.66
2783.75 3368.91
3615.31 6334.73
-4534.74 -9397.05
6985.47 -8006.79
-3630.78 8290.06
-643.81 -3347.35
3325.19 -1154.94
-8751.47 -949.51
2550.01 -391.57
-6418.67 1478.0
5594.04 -5448.02
2266.95 -5947.17
-1283.68 -7374.33
-6915.22 -2150.89
-9250.5 606.52
2920.41 855.7
-1606.23 -2451.98
5406.5 -141.01
-3605.97 -8773.97
-8639.48 -7336.73
9332.62 -780.84
-8252.94 -7231.79
4920.28 -9669.76
9286.46 -3753.38
-5695.38 748.47
5975.71 -405.5
8830.51 -9087.11
6503.84 -1491.1
6599.69 4775.21
-1003.1 6112.52
-2181.74 -8789.49
3441.84 3184.66
4339.26 -4262.05
-8662.45 6296.48
-3541.32 8104.66
-1207.26 3948.6
-9523.14 -5727.86
1103.83 4496.72
-6286.39 4826.93
-6321.62 3298.36
-6392.01 4268.76
-5395.78 -9954.24
-7931.25 -4561.28
7862.48 352.61
-4959.87 9672.95
-597.8 -9131.13
-9732.61 -8750.15
498.96 5074.78
-5533.7 -4942.72
-1506.99 -6148.83
-4134.03 8889.48
-463.52 9631.67
8974.62 9094.78
-5223.77 1057.5
-8315.89 -5782.17
3379.83 2561.5
6519.8 513.1
603.46 -8996.29
9177.86 -3985.56
-4816.26 3033.88
4239.87 601.14
-4112.49 2923.97
-9548.44 -1412.76
3613.13 -516.58
-8960.74 -4010.02
-3955.84 1952.6
5181.59 8880.12
8453.03 -267.5
4966.72 7078.52
9671.09 -7094.9
-639.82 9538.29
2341.34 -4780.39
4286.91 -5380.99
2011.08 8075.25
4144.02 4769.99
6209.35 3537.95
3612.19 -4804.88
7545.83 8708.75
84.82 -5431.01
5160.0 8142.53
-238.36 -5444.51
2605.46 1394.84
-8219.63 8476.63
-6509.14 -3002.52
-5781.84 8475.21
-1242.76 -8680.72
8460.74 6191.72
5124.28 3027.88
8591.9 4641.29
-2507.37 642.93
3762.92 -7664.65
5918.71 2403.62
1061.48 174.93
-9082.45 9208.1
9861.89 -4408.19
-2637.19 6743.97
8382.31 3698.5
-2312.06 7883.59
4629.39 -2973.39
6835.01 9741.4
-2071.61 1657.52
1466.34 -6060.37
2811.94 9734.58
4815.86 -950.76
-4894.46 -6168.44
-1871.47 -6607.66
-8189.36 -8546.07
9098.76 -6544.26
-7756.52 1336.6
-9925.51 1409.76
-2032.27 8716.91
3424.84 -1431.42
-2.95 -6418.6
-62.33 -396.69
-5479.76 -3414.63
-1195.57 -9420.79
-7981.67 3992.98
-769.17 8120.59
-5161.47 -2046.22
9814.02 -3608.18
-4372.25 6192.99
-8551.87 7218.33
601.91 2895.43
-4311.72 -6158.24
2265.81 -9537.41
-722.46 4548.31
-4213.45 751.88
3034.41 -9383.62
7403.94 1609.76
7782.5 1903.77
-772.31 4492.47
8194.0 -8342.6
-6827.57 -8834.2
8196.22 -9542.38
-3773.84 4146.9
-8811.27 -7222.87
-6139.36 9660.61
8954.69 -9080.74
-8932.3 1941.5
-6773.32 4024.02
1921.71 -9894.39
676.28 -4305.76
-7891.59 -3542.52
-5306.81 -9512.38
-7041.74 3977.5
9069.76 1328.96
8186.08 -8948.16
-8872.29 -1418.43
1038.71 5703.73
-2236.4 -8455.61
4521.08 -8716.45
-102.79 -7981.19
-4836.51 -3637.86
2985.41 570.32
-966.42 6057.62
-3616.97 -4805.73
-1959.57 3329.08
-2930.67 8886.52
320.48 6486.4
-9668.96 -9370.91
5110.56 -9806.71
368.75 -1911.4
-7467.44 -4821.05
1349.8 -3337.58
338.14 3320.54
-3794.6 7012.86
-5818.43 -8049.7
-7982.75 -2542.75
-9409.18 -2011.44
-1523.35 9914.05
-7735.99 8196.35
7753.06 8236.46
-5571.45 -4894.72
-9563.15 2742.22
-8477.98 -3031.0
-5618.52 2398.83
-7130.31 -9391.29
-2174.48 -2544.03
4575.37 8206.1
-6670.45 2015.5
7463.07 -9134.77
-6404.95 2447.39
6080.9 -593.18
-2527.27 -9832.03
-1293.06 -9856.25
-3255.39 -55.74
6281.31 4192.09
990.04 5962.93
-2219.44 2313.15
7680.66 6081.9
-1889.59 912.69
1359.41 8146.03
182.25 6930.4
-9210.9 3061.66
-2144.96 6424.61
-6517.38 9051.12
-1930.88 207.46
-4516.45 3776.77
-3625.91 964.79
5802.42 -3116.51
-54.63 -5406.74
-6405.76 737.18
-1694.27 -4947.94
-6312.54 -7691.98
-5344.7 -2087.76
-6778.62 -2951.35
-7091.86 2733.47
9788.17 7970.48
-3813.83 -158.41
-8978.31 4616.01
-1923.67 5223.4
3385.46 7758.42
5137.22 6763.89
9033.34 -8177.16
-8729.17 -4049.87
4582.93 8235.81
-5795.04 -4921.58
-8312.72 -2582.67
-9288.63 -2672.8
-6812.12 6481.13
5316.48 -7579.16
-375.55 -2847.75
2341.87 8279.85
-1436.57 4963.87
-6073.69 -8321.7
2490.01 -7532.25
115.53 386.9
616.81 -483.02
-4292.88 5366.94
-8575.53 9162.87
-5818.51 -4515.35
-1547.04 -6088.91
-6410.41 -7569.35
-1243.66 2262.91
3814.22 -4375.3
2367.45 -5757.06
-1625.71 -4875.97
-3358.6 7767.75
9871.9 -3035.14
-2806.53 -3621.8
1782.81 3684.92
-9833.53 -1563.58
1956.76 -5111.65
-1896.97 -9331.73
-5598.52 1342.79
2432.68 7513.12
1621.43 519.13
-9921.47 9350.51
-80.12 5673.67
-8066.6 -326.94
6630.97 947.14
-9286.23 -4125.1
5280.46 -3781.74
-4979.68 3293.76
-6202.73 3492.77
7904.91 9578.06
-3191.81 -1702.21
2122.52 -938.83
4523.69 4459.46
7870.9 -2582.78
-8660.67 -1232.21
-2109.65 -7656.42
9007.89 5420.32
-7220.25 -8774.83
9223.89 -9253.47
-947.99 184.64
3919.1 -8075.58
4443.65 -849.38
-7802.02 9852.51
4399.9 9581.68
9341.96 4351.29
7400.11 8558.73
-9312.02 -3679.41
-4926.15 7581.07
-3594.42 -77.25
8916.98 847.56
7702.85 8364.17
6908.11 9240.89
4814.6 -6788.32
5847.36 -5323.06
4895.11 -5454.39
5906.43 8510.01
4327.0 -2432.77
-9024.93 -3406.08
6181.76 1660.66
7695.88 4116.41
8679.99 -188.37
-1644.72 1902.09
-8020.74 5712.43
-8545.32 5464.94
1340.83 -2423.41
2466.11 7990.6
-1900.83 1492.84
4066.55 -1381.76
-7922.36 -9718.82
7757.36 7978.32
-2570.1 -8003.35
9828.16 -129.34
-527.89 3014.34
-945.46 2274.58
6840.8 595.38
6302.62 -5578.21
-8235.99 8878.82
1155.05 2777.47
7238.85 -1326.2
1633.08 8427.01
-8224.92 -242.59
-9448.59 7833.77
1079.43 -1902.84
5716.23 2796.59
5442.63 -4404.24
-9579.4 558.66
3194.16 -6582.86
1901.88 -4554.27
5861.73 1097.67
-9671.57 5283.56
-1431.68 -5853.86
8302.1 2492.5
8164.37 -2893.57
47.26 -9920.26
5343.21 -5914.81
5304.62 -8174.09
4266.12 499.81
7014.92 -7149.69
-4917.2 449.04
7296.34 7764.83
-4137.24 -2249.45
623.56 -3458.92
2331.25 3734.98
-8579.61 -2788.09
5906.01 171.36
-9729.15 214.15
-1023.17 5928.42
6799.66 9726.94
420.81 -4620.2
-1716.05 1470.11
1673.46 -1188.59
-7369.79 4215.98
-8197.52 -384.35
-5665.76 9418.03
3141.72 -3597.94
6339.41 7641.3
9253.77 2707.3
3932.72 5174.16
-2453.58 -914.52
-6625.35 -7196.5
-7987.41 5022.33
1747.11 -4827.67
315.94 3145.42
-6766.77 4886.12
3436.62 1616.34
-9146.3 9845.97
-8610.07 2604.34
-9751.78 -4867.65
-4737.52 2180.15
-7783.23 -9306.23
6725.03 421.9
-2084.43 -2449.76
2052.3 -3175.07
6357.7 7033.18
-7660.65 -9562.85
1114.43 -7737.4
8388.88 -8203.32
980.1 3902.91
2798.38 -5577.1
-401.54 4513.84
-5601.16 -8769.43
-1931.08 -9603.91
4383.41 4145.13
6112.69 3595.71
4153.69 -7554.78
-3808.61 -7446.64
-2275.18 5144.39
438.38 -4057.53
-5254.06 6002.62
-9179.57 6310.97
5597.74 -7406.01
6462.66 -667.44
5925.15 -5838.18
-7531.85 5976.68
2387.14 -129.92
9846.41 2833.67
-2869.46 -9318.63
1442.76 -1989.35
-6987.75 4471.6
-5403.63 3939.25
3103.09 -7507.4
8353.86 1208.0
-9931.86 9874.95
-2997.58 -4972.32
5119.96 8204.05
-5406.21 -4663.48
173.48 -8545.78
6991.49 1975.46
-9203.94 8794.89
1017.39 -6963.63
1691.17 8225.87
1253.75 -9279.46
-19.59 4239.0
8940.28 -3293.45
6336.57 6279.92
6515.02 -2752.1
6771.44 -2084.46
-8402.36 9773.63
-8623.13 -9270.18
-8884.08 3526.22
8361.4 6159.69
828.88 -3952.92
4439.63 4205.01
-6790.6 2772.4
2248.39 -8642.67
-6396.24 262.52
3203.93 6866.35
-2890.34 -6364.28
4520.78 6645.59
-8615.35 -6123.37
4668.52 -4310.74
-7014.98 -2052.63
9560.99 3743.72
3807.54 9534.89
7353.52 8069.13
8802.9 4292.21
-6706.8 6457.69
-4009.55 -2768.7
-9856.69 3594.88
8549.6 5887.63
-225.24 3508.79
-1473.27 163.36
-9965.92 -1978.57
-7827.25 1177.72
556.65 1613.67
9418.14 -181.1
-3622.94 -7514.73
-5450.35 -2252.02
-4513.26 -6237.83
-4393.43 -2386.02
8916.31 8521.66
7875.9 -9675.51
6243.44 1807.99
-8504.7 1230.9
8461.04 4184.1
-5657.11 9494.95
2581.16 -9274.75
9854.34 4944.86
5298.62 -9736.3
7286.84 -7715.24
-2086.94 5559.3
2651.19 507.38
3315.44 -4862.82
-9555.54 7716.74
-5216.75 6568.84
3957.85 -546.61
-845.56 6415.19
-8806.41 -3984.95
-6303.8 5900.88
3881.05 7127.74
3095.13 -8492.66
6156.26 -9782.23
-8728.67 671.44
-8334.17 7799.41
257.21 -3212.08
-8653.07 8797.53
8743.7 2728.82
1887.77 5148.02
5932.6 -9279.29
5726.31 -6667.08
-1412.45 -3365.16
2463.35 787.3
-6615.08 -7971.64
-7707.43 -6255.52
5325.94 -4973.31
-5120.83 7256.16
5762.2 8660.27
-2552.07 -7355.37
-5901.19 7299.13
61.93 8207.85
4940.3 2594.51
-7617.16 2832.56
-7372.81 1829.48
-3063.84 8334.01
9616.56 -8816.38
-1969.85 6271.74
7016.59 -4621.83
8048.54 -2700.88
1675.94 9684.77
2200.78 7607.76
1826.02 1398.52
4901.94 -2653.73
-4569.33 -7175.96
7699.78 213.18
-3022.45 -2843.71
300.54 6762.14
4366.78 9739.93
-9312.6 6776.68
9561.69 6596.92
-4239.93 8280.11
1950.47 9414.38
-3052.27 -4393.85
-4671.3 9988.29
6505.81 8386.5
-4225.5 -8747.88
5905.81 4862.13
1463.57 -6193.81
1260.3 -6189.21
-5981.36 -3024.57
5524.18 -6467.42
219.8 861.7
6582.66 5989.01
-3647.0 -66.53
-2844.25 8212.56
-4342.13 7951.16
-6391.1 -2741.09
-3673.88 -2461.37
3515.78 -9200.66
-4685.81 4395.28
-6796.26 6784.86
-2108.28 -3871.66
-7319.53 -4492.12
5037.16 -6625.65
-6023.03 7538.08
3033.65 -5615.52
-4538.28 -1274.61
-8722.14 -386.17
8502.18 6307.29
7306.82 4345.82
-638.71 1295.7
-2397.89 9394.49
-1416.06 38.61
1123.63 8796.23
1186.31 -4592.75
2303.32 -2447.09
1424.51 1276.23
8458.81 8657.24
8026.04 -3624.25
9011.28 -6440.51
-3618.19 -9202.87
5478.98 -1787.02
-9865.41 -5232.7
-8499.7 3875.77
-9590.92 -1856.8
7317.39 6479.72
-9537.49 -7995.13
-6487.63 7467.11
4994.07 -9009.86
6449.44 4761.17
7199.68 1382.13
8168.91 -9441.62
-5005.47 -9064.69
7943.34 -5019.87
-1140.75 -7377.6
7950.83 3212.38
-5443.47 5555.62
-872.37 -3745.94
-139.44 6963.37
-7092.17 5060.02
2641.75 -5259.74
-7072.8 -1324.9
-7124.46 3467.14
-8407.63 -7365.42
4189.22 -4992.57
-1767.93 -6537.44
-8309.01 9804.01
-7146.75 -6860.96
1752.58 -9931.0
1557.64 2294.44
8247.14 -762.28
3248.78 424.01
6327.65 -9535.01
4879.32 -9018.52
-5456.49 2637.03
-5881.47 2478.82
7796.2 -1438.12
104.8 7144.76
-8685.16 2714.7
8028.9 7571.18
-2405.12 3268.17
470.61 -6367.31
8141.52 5894.7
-2147.7 3228.84
-9950.49 -75.64
-2897.98 6043.25
3247.0 -6212.76
-842.28 -2459.82
-7310.21 8641.68
6463.03 9024.76
-1576.34 2297.33
-1383.7 -5085.72
3993.1 6565.46
-4568.15 -7531.36
-6506.58 -1046.01
-9636.15 2345.62
3156.78 -9570.74
1774.23 2473.32
7479.88 -3373.69
-1749.43 5867.85
2153.96 -901.64
8740.59 -5601.66
-518.08 -6790.85
5426.4 -5767.43
5847.98 3865.45
2738.38 7778.1
2841.32 -433.17
3165.93 8580.63
1060.31 -7064.17
-4841.07 -6030.58
-193.25 983.38
-1366.52 -7562.97
-9182.46 3083.27
-7870.45 5425.42
-7633.47 -2268.93
5875.64 -4252.79
8930.3 -9167.06
198.2 -5508.85
7996.5 -5514.68
1145.79 -3049.72
-561.6 -4185.58
6497.44 -3573.43
4177.83 -8498.16
-7194.74 -9009.77
-1202.2 -4954.63
5749.19 4989.01
-4308.53 9786.19
-8467.66 -2224.69
4853.39 -8464.57
9961.09 1730.84
1793.34 9873.27
2528.8 -4668.84
6893.66 -1608.67
5640.15 3688.12
-8904.02 -3874.5
-4310.14 1702.06
7617.29 4544.88
-347.26 -6701.06
-1596.71 7167.86
7736.14 9587.87
1281.06 -4808.96
-2169.47 -2420.23
-9229.22 7544.15
308.46 8281.78
6897.98 6741.62
-7063.06 9450.66
922.24 496.23
-5341.73 -5458.65
-5582.11 4807.13
2204.95 -7034.48
490.01 -8705.79
-9153.18 5434.52
9371.87 -8720.94
-8011.47 -3833.23
5330.07 -6310.83
9802.04 -4842.57
-355.68 -5518.47
6105.21 8964.66
5290.69 3475.62
7114.69 6794.32
782.94 -5496.49
-9592.41 9666.3
2773.58 6082.37
-7417.05 8073.75
8951.29 -1184.88
-8557.88 5508.29
-1267.02 2358.07
7688.77 -2496.13
5304.77 9250.03
-4611.27 1283.85
-5290.31 8903.59
-7441.19 -8748.8
-8488.1 3486.82
3821.48 9781.74
-7069.85 -6609.2
8204.97 7678.41
3333.32 6060.42
-9838.5 7723.02
-6047.71 -664.91
4229.03 -4347.08
-3439.26 -6117.28
-8514.21 -2094.52
-870.92 4814.01
6292.31 8369.89
-184.76 4042.5
7288.7 -8569.18
4947.15 4116.56
-560.44 3962.91
9542.68 3463.23
-8222.53 -9337.35
-1682.8 -2214.58
-3574.03 -2769.41
-5624.08 -4076.89
379.39 7481.75
3174.38 -499.79
9427.01 1969.21
9859.52 2852.43
6645.98 -5801.84
-7845.1 -2318.21
-7541.8 -3733.42
-3554.59 -2823.13
-2733.98 562.75
8168.49 4507.69
4775.3 -3567.79
4484.63 -3006.75
-9488.14 -2869.55
9507.52 -3346.68
-9021.02 2900.06
-9575.17 -1486.43
-1265.14 -133.32
-5861.56 7484.51
-1631.42 7173.96
-2381.54 -4309.29
8731.44 -6634.07
-1726.9 2568.7
2804.8 6182.57
-8995.32 5909.2
-6515.55 -1351.06
-5445.45 4685.9
5252.44 -476.22
-1853.4 105.88
-8689.38 5401.88
-6245.59 1422.68
4800.22 -5525.71
-9365.78 -1436.88
-3123.99 -7633.03
5312.59 -1086.38
-4727.01 -1023.78
1096.12 -2306.27
9831.69 -7348.93
797.32 -1945.23
2485.48 -271.06
-8841.68 2539.11
6308.81 -4192.93
-808.86 -8242.5
6926.47 839.56
-4712.27 -9005.79
2668.72 4192.98
4121.93 5309.6
3948.46 -2942.6
4167.41 -9700.66
2938.91 -3807.55
1418.69 6585.73
-7919.89 1820.44
2742.28 756.19
-1269.91 3707.06
9991.17 -412.42
4794.11 -498.86
-9490.99 8397.82
-868.44 -5202.12
2902.18 1267.79
3092.56 6094.5
516.63 1796.38
-1230.62 2422.77
3214.79 -6743.43
-5471.46 -8771.65
2416.98 -8163.78
1429.42 7470.13
-5057.21 8011.95
6661.54 5034.13
-8612.15 3574.59
-5658.4 -1955.89
-4149.85 3766.03
-7426.59 -1078.84
-6314.12 -310.71
-8789.93 3516.76
-8638.84 9292.07
4894.2 3210.99
2880.53 -1295.1
-1340.41 1371.98
-7030.23 -3022.23
4563.49 -9851.31
8524.09 8733.12
-1440.69 6636.47
4384.8 3274.24
9468.39 -994.06
4149.01 7399.18
9360.42 920.79
9908.29 -2301.63
-4915.69 6500.98
5705.79 2865.58
-1839.05 8475.97
-9631.09 731.7
7183.59 -9945.9
658.41 1976.75
-4299.47 3606.88
3310.54 6030.78
-2883.94 -9572.96
-6863.7 4922.7
9012.96 4747.63
-7151.15 -7629.39
930.37 1384.6
1328.14 -4642.68
1278.23 -8026.29
-6660.75 -3282.38
7260.13 6193.88
-6106.09 -3382.52
7753.04 -7804.61
6786.79 6256.25
-8137.21 2181.49
-74.24 -1845.79
8709.92 4591.09
7800.07 -7223.59
440.21 4678.53
-4368.82 -4703.36
3621.88 -7620.78
315.35 6174.91
961.0 2850.99
7389.45 1960.11
3691.44 -273.72
-9488.26 -8425.27
5122.39 9390.03
6951.54 -5838.97
7503.28 -7047.84
-148.25 9524.37
3513.48 -5776.15
2722.22 7300.15
-5612.65 8684.05
-5421.25 -640.12
-5049.19 -8670.04
-7789.29 5498.3
-1452.01 5610.37
3696.06 -7879.58
-7318.1 9079.97
-4305.3 -8269.57
-7023.19 -5826.99
448.09 5366.38
-4516.31 -8773.96
-283.35 7744.98
-1071.15 -1108.06
3933.66 -4083.43
3604.19 8482.73
-3811.4 -6342.33
8647.12 8018.17
7939.3 6179.55
35.57 -1777.17
-2410.11 1124.03
-3347.32 -7708.63
5714.4 -4184.95
-8417.68 9186.23
4915.24 -1606.76
4097.96 -8152.49
-1756.23 8272.58
