1000
-1116.74 -9730.34
-1192.03 -9786.66
-1267.31 -9842.99
-1342.59 -9899.32
-1417.87 -9955.64
-1493.16 -10011.97
-1568.44 -10068.30
-1643.72 -10124.62
-1719.01 -10180.95
-1794.29 -10237.28
-1869.57 -10293.60
-1944.86 -10349.93
-2020.14 -10406.26
-2095.42 -10462.58
-2170.70 -10518.91
-2245.99 -10575.24
-2321.27 -10631.56
-2396.55 -10687.89
-2471.84 -10744.21
-2547.12 -10800.54
-2622.40 -10856.87
-2697.69 -10913.19
-2772.97 -10969.52
-2848.25 -11025.85
-2923.53 -11082.17
-2998.82 -11138.50
-3074.10 -11194.83
-3149.38 -11251.15
-3224.67 -11307.48
-3299.95 -11363.81
-3375.23 -11420.13
-3450.52 -11476.46
-3525.80 -11532.79
-3601.08 -11589.11
-3676.36 -11645.44
-3751.65 -11701.77
-3826.93 -11758.09
-3902.21 -11814.42
-3977.50 -11870.75
-4052.78 -11927.07
-4128.06 -11983.40
-4203.35 -12039.73
-4278.63 -12096.05
-4353.91 -12152.38
-4429.20 -12208.71
-4504.48 -12265.03
-4579.76 -12321.36
-4655.04 -12377.69
-4730.33 -12434.01
-4805.61 -12490.34
-4880.89 -12546.67
-4956.18 -12602.99
-5031.46 -12659.32
-5106.74 -12715.65
-5182.03 -12771.97
-5257.31 -12828.30
-5332.59 -12884.62
-5407.87 -12940.95
-5483.16 -12997.28
-5558.44 -13053.60
-5633.72 -13109.93
-5709.01 -13166.26
-5784.29 -13222.58
-5859.57 -13278.91
-5934.86 -13335.24
-6010.14 -13391.56
-6085.42 -13447.89
-6160.70 -13504.22
-6235.99 -13560.54
-6311.27 -13616.87
-6386.55 -13673.20
-6461.84 -13729.52
-6537.12 -13785.85
-6612.40 -13842.18
-6687.69 -13898.50
-6762.97 -13954.83
-6838.25 -14011.16
-6913.53 -14067.48
-6988.82 -14123.81
-7064.10 -14180.14
-7139.38 -14236.46
-7214.67 -14292.79
-7289.95 -14349.12
-7365.23 -14405.44
-7440.52 -14461.77
-7515.80 -14518.10
-7591.08 -14574.42
-7666.37 -14630.75
-7741.65 -14687.08
-7816.93 -14743.40
-7892.21 -14799.73
-7967.50 -14856.06
-8042.78 -14912.38
-8118.06 -14968.71
-8193.35 -15025.04
-8268.63 -15081.36
-8343.91 -15137.69
-8419.20 -15194.01
-8494.48 -15250.34
-8569.76 -15306.67
-8645.04 -15362.99
-8720.33 -15419.32
-8795.61 -15475.65
-8870.89 -15531.97
-8946.18 -15588.30
-9021.46 -15644.63
-9096.74 -15700.95
-9172.03 -15757.28
-9247.31 -15813.61
-9322.59 -15869.93
-9397.87 -15926.26
-9473.16 -15982.59
-9548.44 -16038.91
-9623.72 -16095.24
-9699.01 -16151.57
-9774.29 -16207.89
-9849.57 -16264.22
-9924.86 -16320.55
-10000.14 -16376.87
-10075.42 -16433.20
-10150.70 -16489.53
-10225.99 -16545.85
-10301.27 -16602.18
-10376.55 -16658.51
-10451.84 -16714.83
-10527.12 -16771.16
-10602.40 -16827.49
-10677.69 -16883.81
-10752.97 -16940.14
-10828.25 -16996.47
-10903.54 -17052.79
-10978.82 -17109.12
-11054.10 -17165.45
-11129.38 -17221.77
-11204.67 -17278.10
-11279.95 -17334.42
-11355.23 -17390.75
-11430.52 -17447.08
-11505.80 -17503.40
-11581.08 -17559.73
-11656.37 -17616.06
-11731.65 -17672.38
-11806.93 -17728.71
-11882.21 -17785.04
-11957.50 -17841.36
-12032.78 -17897.69
-12108.06 -17954.02
-12183.35 -18010.34
-12258.63 -18066.67
-12333.91 -18123.00
-12409.20 -18179.32
-12484.48 -18235.65
-12559.76 -18291.98
-12635.04 -18348.30
-12710.33 -18404.63
-12785.61 -18460.96
-12860.89 -18517.28
-12936.18 -18573.61
-13011.46 -18629.94
-13086.74 -18686.26
-13162.03 -18742.59
-13237.31 -18798.92
-13312.59 -18855.24
-13387.87 -18911.57
-13463.16 -18967.90
-13538.44 -19024.22
-13613.72 -19080.55
-13689.01 -19136.88
-13764.29 -19193.20
-13839.57 -19249.53
-13914.86 -19305.86
-13990.14 -19362.18
-14065.42 -19418.51
-14140.71 -19474.84
-14215.99 -19531.16
-14291.27 -19587.49
-14366.55 -19643.81
-14441.84 -19700.14
-14517.12 -19756.47
-14592.40 -19812.79
-14667.69 -19869.12
-14742.97 -19925.45
-14818.25 -19981.77
-14893.54 -20038.10
-14968.82 -20094.43
-15044.10 -20150.75
-15119.38 -20207.08
-15194.67 -20263.41
-15269.95 -20319.73
-15345.23 -20376.06
-15420.52 -20432.39
-15495.80 -20488.71
-15571.08 -20545.04
-15646.37 -20601.37
-15721.65 -20657.69
-15796.93 -20714.02
-15872.21 -20770.35
-15947.50 -20826.67
-16022.78 -20883.00
-16098.06 -20939.33
-16173.35 -20995.65
-16248.63 -21051.98
-16323.91 -21108.31
-16399.20 -21164.63
-16474.48 -21220.96
-16549.76 -21277.29
-16625.04 -21333.61
-16700.33 -21389.94
-16775.61 -21446.27
-16850.89 -21502.59
-16926.18 -21558.92
-17001.46 -21615.25
-17076.74 -21671.57
-17152.03 -21727.90
-17227.31 -21784.22
-17302.59 -21840.55
-17377.87 -21896.88
-17453.16 -21953.20
-17528.44 -22009.53
-17603.72 -22065.86
-17679.01 -22122.18
-17754.29 -22178.51
-17829.57 -22234.84
-17904.86 -22291.16
-17980.14 -22347.49
-18055.42 -22403.82
-18130.71 -22460.14
-18205.99 -22516.47
-18281.27 -22572.80
-18356.55 -22629.12
-18431.84 -22685.45
-18507.12 -22741.78
-18582.40 -22798.10
-18657.69 -22854.43
-18732.97 -22910.76
-18808.25 -22967.08
-18883.54 -23023.41
-18958.82 -23079.74
-19034.10 -23136.06
-19109.38 -23192.39
-19184.67 -23248.72
-19259.95 -23305.04
-19335.23 -23361.37
-19410.52 -23417.70
-19485.80 -23474.02
-19561.08 -23530.35
-19636.37 -23586.68
-19711.65 -23643.00
-19786.93 -23699.33
-19862.21 -23755.66
-19937.50 -23811.98
-20012.78 -23868.31
-20088.06 -23924.63
-20163.35 -23980.96
-20238.63 -24037.29
-20313.91 -24093.61
-20389.20 -24149.94
-20464.48 -24206.27
-20539.76 -24262.59
-20615.04 -24318.92
-20690.33 -24375.25
-20765.61 -24431.57
-20840.89 -24487.90
-20916.18 -24544.23
-20991.46 -24600.55
-21066.74 -24656.88
-21142.03 -24713.21
-21217.31 -24769.53
-21292.59 -24825.86
-21367.88 -24882.19
-21443.16 -24938.51
-21518.44 -24994.84
-21593.72 -25051.17
-21669.01 -25107.49
-21744.29 -25163.82
-21819.57 -25220.15
-21894.86 -25276.47
-21970.14 -25332.80
-22045.42 -25389.13
-22120.71 -25445.45
-22195.99 -25501.78
-22271.27 -25558.11
-22346.55 -25614.43
-22421.84 -25670.76
-22497.12 -25727.09
-22572.40 -25783.41
-22647.69 -25839.74
-22722.97 -25896.07
-22798.25 -25952.39
-22873.54 -26008.72
-22948.82 -26065.05
-23024.10 -26121.37
-23099.38 -26177.70
-23174.67 -26234.02
-23249.95 -26290.35
-23325.23 -26346.68
-23400.52 -26403.00
-23475.80 -26459.33
-23551.08 -26515.66
-23626.37 -26571.98
-23701.65 -26628.31
-23776.93 -26684.64
-23852.21 -26740.96
-23927.50 -26797.29
-24002.78 -26853.62
-24078.06 -26909.94
-24153.35 -26966.27
-24228.63 -27022.60
-24303.91 -27078.92
-24379.20 -27135.25
-24454.48 -27191.58
-24529.76 -27247.90
-24605.05 -27304.23
-24680.33 -27360.56
-24755.61 -27416.88
-24830.89 -27473.21
-24906.18 -27529.54
-24981.46 -27585.86
-25056.74 -27642.19
-25132.03 -27698.52
-25207.31 -27754.84
-25282.59 -27811.17
-25357.88 -27867.50
-25433.16 -27923.82
-25508.44 -27980.15
-25583.72 -28036.48
-25659.01 -28092.80
-25734.29 -28149.13
-25809.57 -28205.46
-25884.86 -28261.78
-25960.14 -28318.11
-26035.42 -28374.43
-26110.71 -28430.76
-26185.99 -28487.09
-26261.27 -28543.41
-26336.55 -28599.74
-26411.84 -28656.07
-26487.12 -28712.39
-26562.40 -28768.72
-26637.69 -28825.05
-26712.97 -28881.37
-26788.25 -28937.70
-26863.54 -28994.03
-26938.82 -29050.35
-27014.10 -29106.68
-27089.38 -29163.01
-27164.67 -29219.33
-27239.95 -29275.66
-27315.23 -29331.99
-27390.52 -29388.31
-27465.80 -29444.64
-27541.08 -29500.97
-27616.37 -29557.29
-27691.65 -29613.62
-27766.93 -29669.95
-27842.22 -29726.27
-27917.50 -29782.60
-27992.78 -29838.93
-28068.06 -29895.25
-28143.35 -29951.58
-28218.63 -30007.91
-28293.91 -30064.23
-28369.20 -30120.56
-28444.48 -30176.89
-28519.76 -30233.21
-28595.05 -30289.54
-28670.33 -30345.87
-28745.61 -30402.19
-28820.89 -30458.52
-28896.18 -30514.84
-28971.46 -30571.17
-29046.74 -30627.50
-29122.03 -30683.82
-29197.31 -30740.15
-29272.59 -30796.48
-29347.88 -30852.80
-29423.16 -30909.13
-29498.44 -30965.46
-29573.72 -31021.78
-29649.01 -31078.11
-29724.29 -31134.44
-29799.57 -31190.76
-29874.86 -31247.09
-29950.14 -31303.42
-30025.42 -31359.74
-30100.71 -31416.07
-30175.99 -31472.40
-30251.27 -31528.72
-30326.55 -31585.05
-30401.84 -31641.38
-30477.12 -31697.70
-30552.40 -31754.03
-30627.69 -31810.36
-30702.97 -31866.68
-30778.25 -31923.01
-30853.54 -31979.34
-30928.82 -32035.66
-31004.10 -32091.99
-31079.38 -32148.32
-31154.67 -32204.64
-31229.95 -32260.97
-31305.23 -32317.30
-31380.52 -32373.62
-31455.80 -32429.95
-31531.08 -32486.28
-31606.37 -32542.60
-31681.65 -32598.93
-31756.93 -32655.26
-31832.22 -32711.58
-31907.50 -32767.91
-31982.78 -32824.23
-32058.06 -32880.56
-32133.35 -32936.89
-32208.63 -32993.21
-32283.91 -33049.54
-32359.20 -33105.87
-32434.48 -33162.19
-32509.76 -33218.52
-32585.05 -33274.85
-32660.33 -33331.17
-32735.61 -33387.50
-32810.89 -33443.83
-32886.18 -33500.15
-32961.46 -33556.48
-33036.74 -33612.81
-33112.03 -33669.13
-33187.31 -33725.46
-33262.59 -33781.79
-33337.88 -33838.11
-33413.16 -33894.44
-33488.44 -33950.77
-33563.72 -34007.09
-33639.01 -34063.42
-33714.29 -34119.75
-33789.57 -34176.07
-33864.86 -34232.40
-33940.14 -34288.73
-34015.42 -34345.05
-34090.71 -34401.38
-34165.99 -34457.71
-34241.27 -34514.03
-34316.55 -34570.36
-34391.84 -34626.69
-34467.12 -34683.01
-34542.40 -34739.34
-34617.69 -34795.67
-34692.97 -34851.99
-34768.25 -34908.32
-34843.54 -34964.64
-34918.82 -35020.97
-34994.10 -35077.30
-35069.39 -35133.62
-35144.67 -35189.95
-35219.95 -35246.28
-35295.23 -35302.60
-35370.52 -35358.93
-35445.80 -35415.26
-35521.08 -35471.58
-35596.37 -35527.91
-35671.65 -35584.24
-35746.93 -35640.56
-35822.22 -35696.89
-35897.50 -35753.22
-35972.78 -35809.54
-36048.06 -35865.87
-36123.35 -35922.20
-36198.63 -35978.52
-36273.91 -36034.85
-36349.20 -36091.18
-36424.48 -36147.50
-36499.76 -36203.83
-36575.05 -36260.16
-36650.33 -36316.48
-36725.61 -36372.81
-36800.89 -36429.14
-36876.18 -36485.46
-36951.46 -36541.79
-37026.74 -36598.12
-37102.03 -36654.44
-37177.31 -36710.77
-37252.59 -36767.10
-37327.88 -36823.42
-37403.16 -36879.75
-37478.44 -36936.08
-37553.72 -36992.40
-37629.01 -37048.73
-37704.29 -37105.06
-37779.57 -37161.38
-37854.86 -37217.71
-37930.14 -37274.03
-38005.42 -37330.36
-38080.71 -37386.69
-38155.99 -37443.01
-38231.27 -37499.34
-38306.56 -37555.67
-38381.84 -37611.99
-38457.12 -37668.32
-38532.40 -37724.65
-38607.69 -37780.97
-38682.97 -37837.30
-38758.25 -37893.63
-38833.54 -37949.95
-38908.82 -38006.28
-38984.10 -38062.61
-39059.39 -38118.93
-39134.67 -38175.26
-39209.95 -38231.59
-39285.23 -38287.91
-39360.52 -38344.24
-39435.80 -38400.57
-39511.08 -38456.89
-39586.37 -38513.22
-39661.65 -38569.55
-39736.93 -38625.87
-39812.22 -38682.20
-39887.50 -38738.53
-39962.78 -38794.85
-40038.06 -38851.18
-40113.35 -38907.51
-40188.63 -38963.83
-40263.91 -39020.16
-40339.20 -39076.49
-40414.48 -39132.81
-40489.76 -39189.14
-40565.05 -39245.47
-40640.33 -39301.79
-40715.61 -39358.12
-40790.89 -39414.44
-40866.18 -39470.77
-40941.46 -39527.10
-41016.74 -39583.42
-41092.03 -39639.75
-41167.31 -39696.08
-41242.59 -39752.40
-41317.88 -39808.73
-41393.16 -39865.06
-41468.44 -39921.38
-41543.73 -39977.71
-41619.01 -40034.04
-41694.29 -40090.36
-41769.57 -40146.69
-41844.86 -40203.02
-41920.14 -40259.34
-41995.42 -40315.67
-42070.71 -40372.00
-42145.99 -40428.32
-42221.27 -40484.65
-42296.56 -40540.98
-42371.84 -40597.30
-42447.12 -40653.63
-42522.40 -40709.96
-42597.69 -40766.28
-42672.97 -40822.61
-42748.25 -40878.94
-42823.54 -40935.26
-42898.82 -40991.59
-42974.10 -41047.92
-43049.39 -41104.24
-43124.67 -41160.57
-43199.95 -41216.90
-43275.23 -41273.22
-43350.52 -41329.55
-43425.80 -41385.88
-43501.08 -41442.20
-43576.37 -41498.53
-43651.65 -41554.85
-43726.93 -41611.18
-43802.22 -41667.51
-43877.50 -41723.83
-43952.78 -41780.16
-44028.06 -41836.49
-44103.35 -41892.81
-44178.63 -41949.14
-44253.91 -42005.47
-44329.20 -42061.79
-44404.48 -42118.12
-44479.76 -42174.45
-44555.05 -42230.77
-44630.33 -42287.10
-44705.61 -42343.43
-44780.89 -42399.75
-44856.18 -42456.08
-44931.46 -42512.41
-45006.74 -42568.73
-45082.03 -42625.06
-45157.31 -42681.39
-45232.59 -42737.71
-45307.88 -42794.04
-45383.16 -42850.37
-45458.44 -42906.69
-45533.73 -42963.02
-45609.01 -43019.35
-45684.29 -43075.67
-45759.57 -43132.00
-45834.86 -43188.33
-45910.14 -43244.65
-45985.42 -43300.98
-46060.71 -43357.31
-46135.99 -43413.63
-46211.27 -43469.96
-46286.56 -43526.29
-46361.84 -43582.61
-46437.12 -43638.94
-46512.40 -43695.27
-46587.69 -43751.59
-46662.97 -43807.92
-46738.25 -43864.24
-46813.54 -43920.57
-46888.82 -43976.90
-46964.10 -44033.22
-47039.39 -44089.55
-47114.67 -44145.88
-47189.95 -44202.20
-47265.23 -44258.53
-47340.52 -44314.86
-47415.80 -44371.18
-47491.08 -44427.51
-47566.37 -44483.84
-47641.65 -44540.16
-47716.93 -44596.49
-47792.22 -44652.82
-47867.50 -44709.14
-47942.78 -44765.47
-48018.06 -44821.80
-48093.35 -44878.12
-48168.63 -44934.45
-48243.91 -44990.78
-48319.20 -45047.10
-48394.48 -45103.43
-48469.76 -45159.76
-48545.05 -45216.08
-48620.33 -45272.41
-48695.61 -45328.74
-48770.90 -45385.06
-48846.18 -45441.39
-48921.46 -45497.72
-48996.74 -45554.04
-49072.03 -45610.37
-49147.31 -45666.70
-49222.59 -45723.02
-49297.88 -45779.35
-49373.16 -45835.68
-49448.44 -45892.00
-49523.73 -45948.33
-49599.01 -46004.65
-49674.29 -46060.98
-49749.57 -46117.31
-49824.86 -46173.63
-49900.14 -46229.96
-49975.42 -46286.29
-50050.71 -46342.61
-50125.99 -46398.94
-50201.27 -46455.27
-50276.56 -46511.59
-50351.84 -46567.92
-50427.12 -46624.25
-50502.40 -46680.57
-50577.69 -46736.90
-50652.97 -46793.23
-50728.25 -46849.55
-50803.54 -46905.88
-50878.82 -46962.21
-50954.10 -47018.53
-51029.39 -47074.86
-51104.67 -47131.19
-51179.95 -47187.51
-51255.23 -47243.84
-51330.52 -47300.17
-51405.80 -47356.49
-51481.08 -47412.82
-51556.37 -47469.15
-51631.65 -47525.47
-51706.93 -47581.80
-51782.22 -47638.13
-51857.50 -47694.45
-51932.78 -47750.78
-52008.07 -47807.11
-52083.35 -47863.43
-52158.63 -47919.76
-52233.91 -47976.09
-52309.20 -48032.41
-52384.48 -48088.74
-52459.76 -48145.07
-52535.05 -48201.39
-52610.33 -48257.72
-52685.61 -48314.04
-52760.90 -48370.37
-52836.18 -48426.70
-52911.46 -48483.02
-52986.74 -48539.35
-53062.03 -48595.68
-53137.31 -48652.00
-53212.59 -48708.33
-53287.88 -48764.66
-53363.16 -48820.98
-53438.44 -48877.31
-53513.73 -48933.64
-53589.01 -48989.96
-53664.29 -49046.29
-53739.57 -49102.62
-53814.86 -49158.94
-53890.14 -49215.27
-53965.42 -49271.60
-54040.71 -49327.92
-54115.99 -49384.25
-54191.27 -49440.58
-54266.56 -49496.90
-54341.84 -49553.23
-54417.12 -49609.56
-54492.40 -49665.88
-54567.69 -49722.21
-54642.97 -49778.54
-54718.25 -49834.86
-54793.54 -49891.19
-54868.82 -49947.52
-54944.10 -50003.84
-55019.39 -50060.17
-55094.67 -50116.50
-55169.95 -50172.82
-55245.24 -50229.15
-55320.52 -50285.48
-55395.80 -50341.80
-55471.08 -50398.13
-55546.37 -50454.45
-55621.65 -50510.78
-55696.93 -50567.11
-55772.22 -50623.43
-55847.50 -50679.76
-55922.78 -50736.09
-55998.07 -50792.41
-56073.35 -50848.74
-56148.63 -50905.07
-56223.91 -50961.39
-56299.20 -51017.72
-56374.48 -51074.05
-56449.76 -51130.37
-56525.05 -51186.70
-56600.33 -51243.03
-56675.61 -51299.35
-56750.90 -51355.68
-56826.18 -51412.01
-56901.46 -51468.33
-56976.74 -51524.66
-57052.03 -51580.99
-57127.31 -51637.31
-57202.59 -51693.64
-57277.88 -51749.97
-57353.16 -51806.29
-57428.44 -51862.62
-57503.73 -51918.95
-57579.01 -51975.27
-57654.29 -52031.60
-57729.57 -52087.93
-57804.86 -52144.25
-57880.14 -52200.58
-57955.42 -52256.91
-58030.71 -52313.23
-58105.99 -52369.56
-58181.27 -52425.89
-58256.56 -52482.21
-58331.84 -52538.54
-58407.12 -52594.86
-58482.40 -52651.19
-58557.69 -52707.52
-58632.97 -52763.84
-58708.25 -52820.17
-58783.54 -52876.50
-58858.82 -52932.82
-58934.10 -52989.15
-59009.39 -53045.48
-59084.67 -53101.80
-59159.95 -53158.13
-59235.24 -53214.46
-59310.52 -53270.78
-59385.80 -53327.11
-59461.08 -53383.44
-59536.37 -53439.76
-59611.65 -53496.09
-59686.93 -53552.42
-59762.22 -53608.74
-59837.50 -53665.07
-59912.78 -53721.40
-59988.07 -53777.72
-60063.35 -53834.05
-60138.63 -53890.38
-60213.91 -53946.70
-60289.20 -54003.03
-60364.48 -54059.36
-60439.76 -54115.68
-60515.05 -54172.01
-60590.33 -54228.34
-60665.61 -54284.66
-60740.90 -54340.99
-60816.18 -54397.32
-60891.46 -54453.64
-60966.74 -54509.97
-61042.03 -54566.30
-61117.31 -54622.62
-61192.59 -54678.95
-61267.88 -54735.28
-61343.16 -54791.60
-61418.44 -54847.93
-61493.73 -54904.25
-61569.01 -54960.58
-61644.29 -55016.91
-61719.57 -55073.23
-61794.86 -55129.56
-61870.14 -55185.89
-61945.42 -55242.21
-62020.71 -55298.54
-62095.99 -55354.87
-62171.27 -55411.19
-62246.56 -55467.52
-62321.84 -55523.85
-62397.12 -55580.17
-62472.41 -55636.50
-62547.69 -55692.83
-62622.97 -55749.15
-62698.25 -55805.48
-62773.54 -55861.81
-62848.82 -55918.13
-62924.10 -55974.46
-62999.39 -56030.79
-63074.67 -56087.11
-63149.95 -56143.44
-63225.24 -56199.77
-63300.52 -56256.09
-63375.80 -56312.42
-63451.08 -56368.75
-63526.37 -56425.07
-63601.65 -56481.40
-63676.93 -56537.73
-63752.22 -56594.05
-63827.50 -56650.38
-63902.78 -56706.71
-63978.07 -56763.03
-64053.35 -56819.36
-64128.63 -56875.69
-64203.91 -56932.01
-64279.20 -56988.34
-64354.48 -57044.66
-64429.76 -57100.99
-64505.05 -57157.32
-64580.33 -57213.64
-64655.61 -57269.97
-64730.90 -57326.30
-64806.18 -57382.62
-64881.46 -57438.95
-64956.74 -57495.28
-65032.03 -57551.60
-65107.31 -57607.93
-65182.59 -57664.26
-65257.88 -57720.58
-65333.16 -57776.91
-65408.44 -57833.24
-65483.73 -57889.56
-65559.01 -57945.89
-65634.29 -58002.22
-65709.58 -58058.54
-65784.86 -58114.87
-65860.14 -58171.20
-65935.42 -58227.52
-66010.71 -58283.85
-66085.99 -58340.18
-66161.27 -58396.50
-66236.56 -58452.83
-66311.84 -58509.16
-66387.12 -58565.48
-66462.41 -58621.81
-66537.69 -58678.14
-66612.97 -58734.46
-66688.25 -58790.79
-66763.54 -58847.12
-66838.82 -58903.44
-66914.10 -58959.77
-66989.39 -59016.10
-67064.67 -59072.42
-67139.95 -59128.75
-67215.24 -59185.07
-67290.52 -59241.40
-67365.80 -59297.73
-67441.08 -59354.05
-67516.37 -59410.38
-67591.65 -59466.71
-67666.93 -59523.03
-67742.22 -59579.36
-67817.50 -59635.69
-67892.78 -59692.01
-67968.07 -59748.34
-68043.35 -59804.67
-68118.63 -59860.99
-68193.91 -59917.32
-68269.20 -59973.65
-68344.48 -60029.97
-68419.76 -60086.30
-68495.05 -60142.63
-68570.33 -60198.95
-68645.61 -60255.28
-68720.90 -60311.61
-68796.18 -60367.93
-68871.46 -60424.26
-68946.74 -60480.59
-69022.03 -60536.91
-69097.31 -60593.24
-69172.59 -60649.57
-69247.88 -60705.89
-69323.16 -60762.22
-69398.44 -60818.55
-69473.73 -60874.87
-69549.01 -60931.20
-69624.29 -60987.53
-69699.58 -61043.85
-69774.86 -61100.18
-69850.14 -61156.51
-69925.42 -61212.83
-70000.71 -61269.16
-70075.99 -61325.49
-70151.27 -61381.81
-70226.56 -61438.14
-70301.84 -61494.46
-70377.12 -61550.79
-70452.41 -61607.12
-70527.69 -61663.44
-70602.97 -61719.77
-70678.25 -61776.10
-70753.54 -61832.42
-70828.82 -61888.75
-70904.10 -61945.08
-70979.39 -62001.40
-71054.67 -62057.73
-71129.95 -62114.06
-71205.24 -62170.38
-71280.52 -62226.71
-71355.80 -62283.04
-71431.08 -62339.36
-71506.37 -62395.69
-71581.65 -62452.02
-71656.93 -62508.34
-71732.22 -62564.67
-71807.50 -62621.00
-71882.78 -62677.32
-71958.07 -62733.65
-72033.35 -62789.98
-72108.63 -62846.30
-72183.91 -62902.63
-72259.20 -62958.96
-72334.48 -63015.28
-72409.76 -63071.61
-72485.05 -63127.94
-72560.33 -63184.26
-72635.61 -63240.59
-72710.90 -63296.92
-72786.18 -63353.24
-72861.46 -63409.57
-72936.75 -63465.90
-73012.03 -63522.22
-73087.31 -63578.55
-73162.59 -63634.87
-73237.88 -63691.20
-73313.16 -63747.53
-73388.44 -63803.85
-73463.73 -63860.18
-73539.01 -63916.51
-73614.29 -63972.83
-73689.58 -64029.16
-73764.86 -64085.49
-73840.14 -64141.81
-73915.42 -64198.14
-73990.71 -64254.47
-74065.99 -64310.79
-74141.27 -64367.12
-74216.56 -64423.45
-74291.84 -64479.77
-74367.12 -64536.10
-74442.41 -64592.43
-74517.69 -64648.75
-74592.97 -64705.08
-74668.25 -64761.41
-74743.54 -64817.73
-74818.82 -64874.06
-74894.10 -64930.39
-74969.39 -64986.71
-75044.67 -65043.04
-75119.95 -65099.37
-75195.24 -65155.69
-75270.52 -65212.02
-75345.80 -65268.35
-75421.08 -65324.67
-75496.37 -65381.00
-75571.65 -65437.33
-75646.93 -65493.65
-75722.22 -65549.98
-75797.50 -65606.31
-75872.78 -65662.63
-75948.07 -65718.96
-76023.35 -65775.29
-76098.63 -65831.61
-76173.92 -65887.94
-76249.20 -65944.26
-76324.48 -66000.59
