1000
-1389.68 -1789.16
4000.48 3248.02
-4774.24 6474.20
3998.69 3338.98
3994.89 3437.48
3967.88 2623.20
-822.02 8192.43
320.13 8018.35
-4663.75 6597.25
1476.96 -1148.21
-2412.91 -1600.42
3172.57 439.50
3625.08 5097.04
-5356.77 5647.52
-1725.39 8142.56
-4289.34 6960.58
3409.44 836.88
-5092.29 6067.34
1200.44 7685.71
-5556.54 5252.54
-3091.95 -1345.42
-909.24 -1803.62
-157.31 -1733.03
3289.91 625.91
-1899.08 -1722.79
-2008.34 8092.69
3066.20 284.88
-1691.30 8147.45
-841.50 -1801.94
-1581.22 -1770.44
-3032.73 -1372.24
1084.37 7740.74
-948.27 -1804.17
-5725.13 4828.39
-4136.45 -697.75
-5190.89 5921.39
-973.52 -1804.36
3347.60 724.77
-1659.63 8151.77
3428.44 5518.40
-5953.16 2518.28
-2668.26 7908.79
-5985.32 3568.60
-5966.79 2626.78
399.75 -1604.72
-3445.65 7556.20
-5108.61 347.21
1032.52 -1373.01
-2931.96 -1415.79
-4115.26 7105.88
1950.43 7232.82
2595.41 -279.84
706.15 -1504.60
2306.50 6946.84
1420.04 7571.30
-3230.00 -1279.22
1951.15 -841.15
-5077.14 302.34
-1855.76 -1730.52
-5994.54 3412.53
-663.33 8184.27
-3972.06 7215.82
-1510.71 -1778.20
2317.85 6936.80
-887.99 8194.33
3967.06 2616.11
-5797.59 4601.26
-4935.41 6278.86
3728.40 4823.24
2336.67 6920.04
-2391.50 7997.82
-2633.06 -1529.96
-1231.96 -1799.01
-5965.91 2619.09
2312.46 -550.44
-5965.21 2613.16
-430.98 -1772.03
-5961.32 2580.85
-157.31 -1733.03
-3199.67 -1294.21
-1708.96 8144.95
1961.78 7224.50
-5174.09 5947.06
2458.93 -415.66
2273.92 -584.16
1116.77 -1334.60
-2139.41 8063.84
3042.52 252.09
3250.20 5830.37
-4038.65 -774.58
282.60 8028.47
-4657.35 -212.99
1192.63 -1298.39
2525.65 6741.71
-4251.38 6993.42
-2667.78 -1517.81
3671.99 4978.68
-5629.82 5081.79
2618.38 6647.05
-4910.67 6310.19
-1940.30 8106.21
-2592.52 7934.93
-2189.10 8051.93
1616.98 -1065.34
2063.47 -756.61
-1883.74 8116.72
1196.71 7687.54
3990.56 3514.69
1396.17 -1193.27
-5509.39 5353.95
1890.91 -884.50
-4988.56 6209.77
1632.00 7447.22
3288.91 5766.90
3422.62 5529.46
-4602.22 -271.21
3116.09 355.86
1818.98 -934.51
964.00 7794.01
3737.58 1594.80
-4582.86 -291.22
-665.16 -1793.25
-5943.25 2449.34
3986.17 3577.16
1342.84 -1221.96
3793.05 4621.72
-929.80 8195.09
3292.82 5760.36
2177.65 7056.57
449.29 7981.15
-2665.61 7909.73
2732.24 -132.49
3992.85 2914.62
-5245.51 555.63
-5285.59 621.22
-5948.70 2486.42
3433.56 5508.63
-5698.36 4903.89
-5441.24 5490.95
-5921.19 4075.61
3983.92 3605.52
-3227.41 7671.65
3880.75 4284.41
-5639.57 1333.48
2733.00 6522.78
2210.82 -637.90
3914.36 2270.14
-3840.32 -918.84
1236.68 7667.78
1946.97 7235.34
-5555.65 5254.50
-2671.68 -1516.43
2454.67 6810.88
4000.31 3129.22
2936.00 6280.02
2061.42 -758.20
3675.47 4969.55
1930.27 -856.33
-5206.53 5897.19
-4746.76 -114.44
979.48 -1396.23
2947.18 6265.70
-4456.69 6807.51
3292.03 5761.67
3821.88 4520.97
-3085.22 -1348.51
551.14 -1557.99
-1466.13 -1782.58
159.01 8059.56
-3430.75 -1173.39
2773.00 -86.21
-4583.85 6681.34
2820.94 -30.29
3924.35 4066.30
3531.37 5310.64
3950.56 3902.27
-871.71 8193.94
-2371.24 8003.65
3574.50 5215.67
3869.68 2058.23
382.73 8000.79
2045.27 7161.79
1443.34 7558.34
4000.55 3151.09
-4438.11 6825.21
-1898.01 -1722.99
-4005.12 7191.16
92.74 8074.87
-5199.21 482.57
1812.96 7329.75
2999.72 194.20
-2633.86 7920.83
1134.39 -1326.33
-1654.70 8152.42
-5021.28 225.17
-5952.25 3879.53
-4460.34 -412.87
-1178.95 -1801.20
-5852.37 1992.58
-4310.55 -550.80
-3430.18 7564.85
-4373.25 6885.57
509.51 -1571.36
-2139.18 8063.89
-3216.73 7676.95
-5655.26 1373.07
-5470.03 956.78
703.94 7896.54
-1013.34 -1804.41
-5841.43 4441.86
1591.51 -1080.87
3058.33 6117.23
-5999.07 3238.34
-4771.15 6477.76
-5378.80 5607.95
2272.37 -585.50
-5412.69 5545.36
-2472.63 7973.56
775.57 -1478.83
3078.94 302.76
-4315.83 -546.13
-857.77 8193.57
1768.70 7359.52
2669.90 6592.24
1061.63 7751.09
-5102.80 6052.30
-1148.45 8193.34
-3458.47 7548.98
-4440.49 -431.81
3900.58 2199.74
-2800.95 7859.67
-4027.45 7174.27
-5354.88 5650.87
-5863.60 4352.35
-2732.47 7885.56
-1740.95 -1749.11
2453.41 -420.94
-817.29 -1801.12
3010.45 208.55
-5656.87 1377.18
71.13 8079.66
-1168.79 8192.70
-1639.15 -1763.31
3088.09 6075.45
3999.54 3085.53
-4311.10 6941.46
4000.73 3181.59
3598.99 1231.86
3926.70 4052.88
2342.84 -523.36
3717.08 1535.38
-2396.24 7996.45
-3700.35 -1012.05
-2956.69 -1405.34
3981.20 2753.83
2803.24 -51.13
-125.03 8118.55
1558.14 -1100.91
-3593.27 7470.04
1435.66 -1171.49
-1676.90 8149.44
232.66 -1650.29
3219.93 512.57
-4190.54 -653.54
-125.44 8118.62
3647.35 5041.94
-5974.39 2697.55
2286.82 -572.95
3911.20 2253.49
478.65 7972.16
-5871.57 2072.87
-5612.19 5124.49
3438.73 5498.69
-420.47 8161.96
2216.73 -632.94
-277.14 -1752.01
-4797.69 6447.01
-3954.46 -837.63
-3368.69 7598.50
2261.81 -594.61
2550.70 6716.63
1900.62 -877.60
-4443.02 -429.40
-3554.52 -1102.17
-5988.17 2862.93
2368.72 -499.93
-5936.47 3985.41
-3800.42 7337.25
-2499.28 7965.26
-5899.20 2200.34
-3475.81 7539.15
1451.92 7553.52
3726.21 4829.59
-5995.03 2990.17
3554.07 5261.31
-4941.34 119.88
-3628.44 -1057.35
-3414.73 -1182.27
2166.74 -674.38
-4052.03 -764.30
-5979.30 3641.79
-5998.08 3303.92
-4643.53 -227.76
-4301.75 6949.70
-4911.74 6308.83
-4822.56 6417.72
-5618.03 5110.48
-928.20 8195.07
-3673.46 -1029.19
2649.56 -222.93
2654.45 6608.85
-3904.46 7264.94
-5956.45 3848.42
1613.64 -1067.39
-5998.47 3284.07
3141.16 5998.61
464.24 7976.59
-3222.80 7673.94
-5996.43 3027.54
-5220.11 515.21
452.15 -1589.14
3953.31 2508.44
2239.34 -613.83
-800.64 -1800.48
-1784.38 -1742.40
-5860.11 2024.22
3080.68 6085.93
-2728.63 7886.97
-4188.42 -655.29
-5750.66 1638.62
3990.99 3507.91
-1067.81 8195.10
-5475.48 967.70
-3996.51 -806.49
3967.01 2615.66
134.51 -1674.19
-373.80 -1765.16
-4929.51 6286.37
-3332.93 -1226.41
-5953.03 2517.32
2926.89 6291.61
2877.57 6353.15
-3453.79 7551.63
-3395.74 -1192.69
2967.60 6239.27
662.37 7911.40
2345.44 6912.17
-4535.23 6730.65
-5311.21 664.37
1655.56 -1041.40
-5895.48 4208.93
1241.51 7665.36
2428.90 -444.18
3985.64 3584.00
1935.10 7243.98
3998.38 3349.38
-2225.22 8042.94
-2125.59 8067.05
-2477.52 7972.05
1805.10 7335.09
-4669.56 -199.84
1847.36 -915.00
3532.78 1083.54
-2395.11 7996.78
2170.82 -671.04
-5844.84 1962.58
-476.21 8168.14
3837.16 1927.07
1158.77 -1314.75
944.58 -1411.11
214.07 8046.12
-2450.34 -1589.23
1039.78 7760.91
3826.69 1887.77
-4769.29 6479.90
-5889.27 4238.50
-2102.23 -1681.26
-2158.80 8059.26
3364.19 5636.97
2667.44 6594.89
-1039.30 8195.41
1963.77 7223.04
-828.33 8192.65
3701.72 4898.77
-3414.96 -1182.14
-4432.25 -439.60
-6.11 -1704.80
2930.37 6287.18
1796.05 -950.07
-1606.24 -1767.45
-839.93 8193.03
-5772.95 4682.77
3982.89 2773.28
3999.15 3069.27
-5129.17 6014.03
2911.02 79.51
-3743.78 -983.85
-2467.87 -1583.88
3390.80 802.36
-5217.00 5880.82
-2551.75 7948.44
-5588.57 1211.10
-478.02 -1777.19
-2942.02 -1411.56
-4434.65 -437.34
-247.42 -1747.58
3298.43 640.19
-639.50 -1791.47
-944.30 8195.27
4000.46 3141.42
540.36 7952.63
-3424.00 7568.28
-5992.48 3455.60
-5027.05 233.00
3987.17 2827.25
-221.17 8134.66
-5549.19 5268.74
3512.10 5351.42
3423.71 863.74
-2107.70 8071.16
-1117.82 8194.16
912.06 7815.84
3524.35 1065.54
-4798.66 -54.73
-5900.26 2205.58
-3651.76 -1042.85
3913.97 2268.06
-5435.31 5502.37
4000.08 3113.93
1447.16 7556.20
-3109.23 7728.56
-4951.01 132.31
-4837.83 6399.52
3752.92 4750.21
1008.10 7774.93
1931.67 7246.46
3974.17 3710.44
856.95 -1447.12
-1488.41 -1780.44
3665.80 1396.31
-2207.85 8047.30
-5967.55 2633.40
2921.90 6297.92
3378.10 5611.94
-1883.93 -1725.54
-4920.44 6297.87
-3604.82 7463.01
-3583.38 -1084.88
3059.91 6115.02
-5857.73 4376.74
-4152.32 -684.91
-5072.24 295.44
-4328.83 -534.56
-5237.43 5848.47
-783.62 -1799.78
-2100.15 -1681.73
3107.09 342.86
3613.73 5124.41
2524.82 6742.53
-1575.31 -1771.13
-5748.90 1633.26
-4441.24 6822.24
-1794.66 8131.90
2451.94 6813.49
-5542.55 1107.89
3753.04 1641.32
-5660.11 1385.49
3720.33 4846.50
1299.33 -1244.76
-4025.26 -784.79
-806.40 8191.85
3599.05 1232.00
1032.80 -1372.88
-5894.93 4211.61
-267.41 8141.72
1120.66 -1332.78
2826.11 -24.15
-4200.98 7036.00
-5402.43 5564.54
1379.11 -1202.54
28.32 8088.84
-3572.18 7482.76
-4010.63 7187.01
-5957.90 2553.89
-5753.81 4742.89
1898.75 7270.08
-4562.48 -312.05
2404.75 6857.92
-4012.64 -794.35
-2601.43 7931.92
-4488.56 6776.73
270.96 -1640.39
449.91 -1589.82
-4398.02 6862.77
-4927.81 6288.53
-3528.38 7508.75
-5864.92 2044.38
-5737.29 4792.74
-4132.02 7092.46
3141.06 5998.75
-2646.75 -1525.21
2760.83 -100.16
-1179.02 8192.34
-4964.91 6240.82
1040.96 7760.39
-1332.81 8184.43
3852.17 1985.72
-5595.61 5163.68
-3515.26 7516.42
3494.64 1003.54
2946.35 124.37
1613.38 7458.69
3400.53 5570.85
2731.51 -133.30
3214.77 504.47
-5327.87 692.96
3785.26 1743.52
1647.87 7437.36
-5758.77 1663.59
426.25 7988.06
-4130.63 -702.44
-4574.09 6691.36
-5642.97 5049.17
-5038.65 6142.31
-869.02 -1802.73
-5078.84 6086.41
2004.07 -801.94
3124.89 368.66
1386.05 -1198.78
-3938.21 7240.63
-5373.54 5617.47
3999.19 3070.69
-4236.51 -614.96
3481.75 5413.82
-4400.01 -469.78
-2049.35 -1692.91
-599.56 -1788.43
-5951.35 3886.04
2443.72 -430.16
-3273.05 7648.64
2511.45 -364.62
2719.63 -146.58
1656.25 7432.11
-4706.48 -159.49
-5227.78 5863.82
-5990.94 3483.65
-3367.20 -1208.16
-5538.22 5292.64
-4325.85 6928.36
-5032.33 6150.95
-1097.42 8194.61
-5611.39 1264.72
774.46 -1479.25
2866.96 25.01
1691.53 -1018.66
2053.25 7155.65
-5549.49 5268.09
-5998.88 3256.03
-5190.74 469.51
2551.05 -325.14
3541.21 5289.42
3221.21 514.58
455.34 -1588.17
-5106.69 344.44
2200.53 7037.63
3800.91 1796.11
368.12 -1613.83
3868.62 2053.69
-728.30 8188.22
775.34 -1478.92
-5679.01 4956.22
3949.67 2482.70
925.28 -1419.21
-3658.56 7429.72
-5919.11 4087.17
2950.28 6261.71
-4914.11 6305.85
-728.82 8188.25
-5173.92 5947.32
3985.38 3587.26
2355.85 -511.62
-3059.46 -1360.25
1365.34 7601.10
-566.13 -1785.63
3610.13 1258.15
3859.55 2015.70
1935.60 -852.47
-5916.80 4099.83
-3653.02 7433.20
-1087.42 8194.79
-1324.54 8184.98
1657.40 7431.40
995.12 7780.60
-5918.61 2301.23
-5920.59 4078.98
-3785.59 -956.09
-5930.80 2371.07
-557.03 -1784.83
-5979.82 3635.91
-3123.87 -1330.57
1408.19 -1186.69
-5719.30 1546.00
-5255.45 5819.45
-888.09 8194.34
2303.15 -558.64
-5998.98 3247.79
4000.52 3148.10
676.98 -1515.08
259.75 8034.47
957.77 7796.67
-5543.71 5280.73
1096.19 7735.30
3585.82 5189.85
3237.52 5850.71
-5495.58 1008.55
-304.86 8147.12
2489.40 6777.38
3766.85 1684.19
2373.23 6886.96
3746.75 1622.20
-497.42 -1779.18
2944.98 122.62
-5226.30 524.98
-5976.88 3668.05
-727.38 8188.17
2111.89 7109.75
3078.72 6088.69
4000.73 3211.39
-5786.83 1753.67
-4391.85 6868.48
1660.15 7429.67
3726.95 4827.45
-4695.50 -171.58
3960.55 2562.84
2294.02 -566.66
-3892.96 -881.99
-1064.99 8195.14
-2874.59 7830.56
302.51 -1632.00
-4923.05 96.58
-5047.22 260.62
-5417.07 854.01
-1459.12 -1783.24
3935.15 4002.86
-8.84 -1705.36
534.01 7954.68
2018.03 -791.41
3744.94 1616.76
-2370.31 8003.92
-5962.40 3801.47
3328.30 691.12
-5450.15 917.53
-5993.96 3425.55
2465.91 -408.97
3023.88 6164.48
3312.55 664.10
-5080.96 307.73
-4519.97 6745.85
202.56 -1657.85
-1186.65 8192.06
3632.71 5078.36
3235.68 537.49
-3187.61 -1300.10
3541.15 5289.56
-3496.59 -1136.09
-5942.66 3945.69
-5930.38 2368.57
2541.58 -334.66
3565.67 1155.60
2948.42 127.03
-5996.71 3036.14
-595.76 -1788.12
-5250.80 5826.97
-4412.35 6849.43
-5640.36 1335.43
2873.03 6358.71
-1681.65 -1757.64
-233.16 8136.53
1024.18 7767.85
3876.70 2088.72
-5611.46 1264.89
-4993.36 187.74
-3002.75 -1385.47
-867.93 8193.85
-2282.28 8028.15
1582.64 -1086.24
3364.46 5636.47
-5902.97 4172.06
-2270.03 -1640.25
2103.79 7116.17
-4558.92 -315.66
-5942.29 3948.13
2981.18 169.65
-5939.79 3964.39
-1577.02 8162.08
-4456.56 6807.63
1170.88 -1308.93
-387.65 8158.02
3226.07 5868.90
-4962.77 147.54
-5435.44 889.01
2901.98 68.21
3608.04 5137.96
-1681.77 -1757.63
-696.48 8186.40
3986.77 2821.89
-5012.50 213.32
2303.47 -558.37
-185.72 8128.94
3999.76 3295.07
3968.49 3762.65
3651.77 5030.78
-2052.24 8083.43
74.53 8078.91
-616.28 -1789.74
3968.50 2628.63
-5230.18 5860.00
4000.37 3133.60
-27.08 -1709.01
-1367.51 8181.99
3314.11 666.76
-5684.50 4941.54
3414.52 846.40
-1189.35 8191.96
80.74 -1686.40
1911.49 7260.98
-5995.76 3008.79
-5366.80 5629.60
-5999.25 3193.77
-675.56 -1793.94
-2545.24 -1559.42
-57.33 8106.05
-2389.37 -1607.30
-5990.55 3490.35
3791.59 1764.52
-1493.51 -1779.94
174.14 8055.94
-1827.59 8126.48
3966.76 2613.59
2619.98 6645.38
-3150.08 7709.32
1685.92 -1022.23
1195.01 7688.37
-1759.35 8137.46
-3205.46 7682.51
2867.83 26.08
-30.99 8100.92
-2692.95 -1508.83
-207.04 8132.41
1955.62 7229.03
2504.05 6763.05
-300.05 8146.44
-989.91 8195.56
2225.11 -625.88
3798.12 4604.54
3766.73 1683.82
-2913.23 -1423.59
3741.88 1607.59
-2913.82 7814.49
-823.56 8192.48
3617.24 5115.99
-5281.80 614.91
3841.99 4445.53
-3198.62 -1294.73
-5738.13 1600.90
1759.38 7365.70
1012.53 -1381.85
3020.93 6168.48
-3925.54 7249.81
1354.64 -1215.69
3818.41 4533.56
-330.60 8150.66
-3505.06 -1131.19
-4655.25 6606.39
-5145.11 5990.53
-5196.19 477.90
971.48 -1399.67
1185.79 7692.86
-4260.87 -594.13
-5773.40 4681.34
3478.04 5421.31
1687.18 -1021.43
-2977.44 7787.60
3215.33 5885.79
3253.37 5825.25
1660.14 7429.68
-5576.27 1182.90
-3538.57 7502.76
1620.08 7454.57
-4660.92 6600.30
-1518.87 8168.50
2038.47 7167.00
-5839.08 4450.97
2689.34 6571.12
-5390.81 805.13
-952.17 8195.35
-3369.53 -1206.90
558.77 -1555.49
2884.32 6344.84
3918.23 2290.94
-2244.75 8037.96
-3518.01 7514.81
3848.21 4421.19
-2846.46 7841.84
2184.34 -659.91
-3303.79 -1241.67
2064.17 -756.07
-2681.65 -1512.88
-106.00 -1723.99
-5960.55 3816.47
-4974.43 6228.38
-1880.17 8117.36
3406.20 830.83
-3752.54 -978.09
30.43 -1697.26
1876.87 7285.55
-5830.04 1905.82
712.14 7893.56
1041.17 7760.29
3246.36 554.58
-4227.01 7014.15
-5989.91 2890.15
-5700.69 4897.48
-3433.03 -1172.12
1792.36 -952.55
656.43 -1522.34
-5997.58 3066.47
-1212.33 8191.03
-1511.05 -1778.17
-5331.17 698.68
1287.55 -1250.84
3750.30 4758.18
3992.26 3486.80
-1858.34 8121.21
-3053.42 -1362.98
1381.28 7592.51
-5330.03 696.71
2209.08 7030.49
1776.29 -963.32
-1214.21 8190.95
3960.65 3827.57
-5217.40 510.95
-2772.09 -1479.58
-5989.21 2878.90
3286.55 5770.82
3162.37 424.12
-3135.40 7716.28
3920.86 2305.31
-4505.31 -369.19
1151.93 -1318.01
3159.91 5970.70
-3383.87 -1199.15
-1531.27 8167.19
3433.34 5509.04
-3002.45 7776.75
-4421.20 6841.15
-1541.56 -1774.93
-2700.12 7897.38
3118.94 6031.15
-4509.69 6756.02
-2916.59 7813.34
3190.46 5924.36
-1863.56 8120.30
-5658.64 5009.43
193.17 -1660.16
2487.02 6779.70
3480.28 5416.79
149.98 -1670.56
3726.69 4828.20
-1588.50 -1769.59
-654.58 -1792.54
-3714.10 -1003.19
-4463.67 6800.82
-4535.99 6729.90
-318.81 8149.05
-4588.19 -285.74
3983.32 2778.44
-3581.93 -1085.76
-515.32 -1780.96
108.46 8071.32
976.17 -1397.65
-5949.62 3898.29
-614.26 -1789.58
-4622.96 -249.53
3758.32 1657.54
-4364.91 6893.19
-373.02 -1765.06
-761.10 -1798.75
3718.56 4851.57
-4041.65 7163.42
-3150.16 7709.28
3884.99 4265.26
-4460.16 -413.04
3994.38 2943.26
2006.44 7191.30
633.72 -1530.25
-1887.79 8115.99
-5106.69 6046.70
-3951.29 7231.09
3993.76 3459.89
-1243.09 -1798.48
-4555.91 6709.85
-2038.72 8086.33
645.63 -1526.12
-1602.43 -1767.91
-5681.80 1442.37
-5668.27 1406.66
452.11 -1589.15
3212.10 500.28
-5938.30 2417.26
3195.81 475.00
-5995.81 3010.16
4000.19 3120.79
1017.46 7770.82
1002.51 7777.38
2532.28 -343.96
3140.48 5999.61
-5732.90 1585.43
3654.65 1367.67
247.36 8037.67
3973.78 2676.93
800.40 -1469.33
-1254.40 8189.06
3867.26 2047.93
-976.29 -1804.38
-4394.24 -475.13
2934.54 6281.88
-5998.40 3287.49
-491.87 -1778.62
2713.31 -153.59
-5766.55 4703.16
2857.97 14.08
3345.73 5669.67
-5912.51 2268.28
-3511.21 -1127.63
3361.47 749.33
948.29 7800.69
1246.01 7663.10
-5126.09 372.59
-1505.92 8169.83
-4287.48 6962.20
3947.24 2466.00
-3016.89 -1379.26
-4446.66 -425.94
3425.61 867.35
3914.81 4118.61
-5523.01 5325.27
3655.04 5022.47
-5622.97 5098.52
-5998.26 3096.20
-5348.04 5662.97
-5305.23 654.20
3683.16 1441.99
-3067.77 -1356.49
3123.45 6024.59
-732.55 -1797.31
-803.98 8191.76
-3825.12 -929.29
3358.87 744.70
-5948.48 2484.86
1285.80 7642.88
3713.28 1524.62
3918.35 2291.56
-3567.44 7485.61
-5971.34 2668.01
-1965.20 8101.38
3682.90 4949.83
-1317.78 8185.41
-5698.06 1486.41
3850.30 4412.90
-5999.00 3245.63
-5769.90 4692.54
-4951.15 6258.65
-5517.87 1054.99
1596.69 -1077.73
3516.32 5342.57
3830.63 4488.74
-4400.22 -469.59
1674.58 -1029.43
-5976.83 3668.50
-5430.86 880.22
-5495.45 5382.84
3966.45 3780.27
-351.69 -1762.32
-5667.14 4987.43
4000.74 3205.43
1043.17 7759.40
3705.80 1503.69
-5940.90 2433.92
3848.91 4418.42
-1995.13 8095.39
3581.44 5199.89
-2109.52 -1679.60
3866.71 2045.58
-4627.11 -245.16
2652.69 6610.73
3936.75 2398.13
3325.71 5704.50
-4411.35 6850.37
177.66 8055.08
