1000
-4.56 -7.49
11.48 -1.22
2.75 1.68
1.5 -10.42
8.32 -11.3
1.34 -10.47
0.29 17.4
-6.54 4.09
-3.71 1.54
3.65 1.91
-4.45 -3.18
6.17 -3.09
-16.04 -16.1
8.56 -13.71
-17.22 -0.6
6.41 -6.56
-0.54 -16.51
3.32 -12.8
8.86 5.26
1.59 -8.97
-2.5 4.47
11.48 6.37
3.29 -11.3
-1.57 4.58
6.83 9.66
-12.96 -9.12
3.16 -11.5
19.14 -5.5
-12.93 5.89
8.71 3.8
-0.17 -1.89
0.21 1.41
0.3 -8.17
6.92 5.79
-0.43 1.66
21.6 3.16
6.79 -3.92
-1.88 3.44
-3.95 13.48
3.41 -0.31
-24.86 -11.35
-9.58 -10.31
-12.32 -5.63
-3.07 -3.71
-2.31 2.2
-0.16 6.19
6.77 19.9
1.39 -3.22
0.9 1.02
-3.47 7.5
2.77 5.45
-9.92 10.72
1.32 21.78
2.42 2.42
3.88 -12.99
0.96 1.7
-4.03 -11.48
5.59 -8.61
-14.33 -2.75
14.48 -8.98
-8.08 -16.35
1.73 -12.32
-1.65 -3.52
-13.82 4.52
0.43 2.06
-20.6 1.21
7.22 -16.48
-1.95 -14.18
11.09 -0.39
3.62 5.87
-3.89 -12.14
-6.39 5.45
-1.64 12.7
7.6 19.19
-7.17 20.54
-0.35 -18.28
-10.94 18.27
22.02 25.58
15.8 -0.91
-12.77 -4.14
-2.44 -5.89
-1.39 -9.68
3.49 -2.2
-4.19 -6.15
6.6 -5.37
-3.83 -14.84
0.38 -6.43
12.88 14.31
8.62 1.59
11.72 -17.44
-5.02 -2.58
10.84 -0.96
0.17 -2.65
0.61 3.43
-22.48 -18.33
11.83 2.02
15.51 9.63
-1.01 6.54
-8.05 2.02
-8.31 -9.43
-7.09 -22.53
-7.18 16.79
-7.34 17.84
-8.51 -12.94
-1.36 9.67
-5.38 9.23
-0.53 -16.58
-1.2 -1.53
18.85 23.87
3.96 2.56
-4.84 2.44
8.58 -16.16
13.71 23.67
3.2 6.15
7.77 -5.83
-1.39 21.1
-15.26 0.95
-7.18 -4.75
-15.63 -4.91
-10.06 -13.35
-2.86 1.84
10.22 -8.3
-4.67 4.86
-4.53 -6.35
-15.12 -21.93
3.25 -0.54
-17.11 12.87
15.89 -5.02
-15.38 4.49
5.14 9.8
-7.82 8.72
11.18 12.04
-23.2 7.95
9.19 -3.8
19.38 16.78
11.81 16.56
8.83 10.25
-5.2 -10.01
2.46 4.22
-10.37 3.93
-16.28 -12.53
1.94 2.16
-5.3 -10.62
0.52 10.66
-4.98 17.73
3.34 -2.39
-0.61 -6.56
0.04 -2.58
-1.36 9.25
-3.9 -20.87
-14.35 -11.27
-7.85 4.03
-11.52 16.97
22.23 8.22
-11.23 16.35
-10.51 -12.18
0.6 -9.13
-10.7 -2.89
10.15 1.51
-9.25 -11.47
11.05 6.09
0.56 -5.42
-1.64 12.01
-2.53 5.71
9.2 -4.7
-2.69 -0.46
2.61 -11.25
8.26 0.91
-5.29 -2.18
0.6 3.47
2.49 -9.12
-15.54 8.35
-8.22 -3.55
11.21 -15.67
-9.76 -18.39
-16.97 -11.86
0.58 -9.78
24.81 -2.42
2.98 24.91
17.52 7.76
10.3 -3.64
3.86 18.45
-0.11 -3.58
1.61 2.8
-15.22 -9.88
6.81 0.04
-9.06 11.86
8.44 -7.98
4.5 -9.23
-22.34 -3.37
0.99 12.84
6.86 4.56
-4.9 0.13
7.73 -8.97
2.1 -1.23
3.88 -22.68
-0.02 -0.73
-4.67 -13.75
-9.54 -18.61
-2.75 3.7
-0.07 -14.23
5.52 3.75
-5.29 -23.23
-7.05 3.14
-1.26 -3.73
-0.34 2.59
-10.2 -3.77
12.38 -16.44
5.69 16.91
-0.04 13.44
8.44 -10.59
-12.47 -12.09
-3.59 -15.52
0.35 9.65
1.11 -0.13
-10.58 -2.08
16.96 9.47
-0.07 -4.4
-17.26 5.48
-4.61 -1.49
-4.9 -14.67
-8.2 -5.08
-13.09 -14.56
-8.86 3.93
-9.0 -6.55
-6.39 -14.53
-22.0 -7.34
-0.59 20.73
0.54 4.42
-6.93 0.87
3.65 2.56
-18.34 19.18
-2.73 5.18
13.41 8.49
8.81 1.12
0.6 -8.0
11.52 8.55
0.66 18.11
-6.72 -11.82
8.2 -5.12
4.59 -10.96
0.21 1.56
9.29 -3.27
24.86 -9.22
8.63 -15.49
-5.83 12.67
17.77 0.52
-4.25 -5.95
9.89 -10.97
-10.79 2.96
-4.71 6.87
5.14 -0.55
1.78 -9.31
0.37 -7.92
3.29 -5.59
-3.58 -6.45
-1.11 -0.08
12.14 -5.87
2.33 -0.88
-20.35 -1.32
4.57 -9.45
-2.99 -2.55
11.87 -0.76
23.84 -6.67
14.68 -14.34
3.45 4.45
2.35 -4.02
-21.48 -4.24
-8.03 4.46
-7.49 1.7
-10.74 -13.4
27.8 28.11
-11.36 -15.79
6.59 -7.49
13.7 1.14
-3.46 -17.5
7.17 -10.43
-4.38 -3.93
5.21 8.13
0.42 -17.65
-3.25 3.15
3.3 -3.38
1.99 -7.48
-18.62 9.59
6.46 -17.66
-17.52 12.88
-8.09 -9.05
-2.16 -6.31
-2.64 0.22
5.44 27.54
6.4 -2.69
5.71 -11.93
-10.25 -20.8
14.15 15.33
-11.76 11.25
-4.98 7.89
-13.87 -16.89
5.66 -13.04
0.18 -2.11
7.34 10.65
-11.94 -13.13
3.35 9.4
-5.8 5.43
15.15 1.92
-0.61 -0.07
16.67 19.84
9.61 0.82
-8.81 -11.01
-4.14 -0.54
-0.9 -1.8
-8.89 -10.06
-10.37 -10.56
13.32 -1.73
-6.33 -11.02
-8.32 -11.35
-1.44 -2.42
-1.28 -4.51
3.69 3.24
-5.12 -8.62
10.19 2.15
6.77 16.31
9.56 -4.48
-11.89 -9.3
1.81 -4.53
-17.99 2.65
-17.32 -12.32
-4.24 -2.99
-1.19 -5.73
6.75 -1.42
16.8 -9.38
21.62 5.49
-38.93 -11.35
13.52 9.46
5.17 -8.66
-11.07 7.66
6.14 5.33
5.77 6.17
9.19 5.74
-16.09 -13.02
15.48 -1.9
16.41 -6.45
-14.4 -9.51
7.65 6.02
6.19 8.37
9.29 -2.57
10.16 19.46
-5.24 11.92
8.49 9.19
-14.9 -2.2
-10.44 -4.91
-7.31 -10.42
-4.19 -6.23
1.84 -4.69
5.33 1.53
-4.12 -4.23
10.86 -13.75
12.88 -9.29
-2.3 -0.5
10.43 -18.99
3.33 -9.33
-3.06 -9.82
-15.49 2.85
-4.93 3.77
-18.07 -3.64
-0.98 -8.96
19.91 -13.65
16.88 -12.0
-9.41 -5.28
8.79 7.97
-5.22 -18.48
-7.21 17.47
2.04 -7.03
-5.58 -12.21
-10.6 3.38
8.32 1.62
-6.64 -6.97
9.06 -14.88
1.21 -1.94
0.72 -9.5
-8.28 2.77
-12.76 15.54
-9.41 13.61
-2.68 -18.85
13.0 -9.79
-3.78 2.4
10.61 -3.75
-2.06 5.12
-12.73 -5.51
6.63 -4.54
6.6 19.74
-3.59 -2.43
-5.5 -2.37
10.79 1.25
4.14 20.32
1.74 5.16
2.31 0.08
7.5 0.76
3.28 -9.12
8.74 5.64
7.48 18.58
-6.05 -9.66
4.02 2.1
-27.09 12.7
10.05 -28.12
-13.5 17.35
-7.69 -6.43
-10.03 -5.55
6.6 6.08
5.94 6.89
2.99 2.49
6.05 2.83
10.53 4.56
7.43 -4.34
3.72 -6.34
-11.28 -4.46
-5.95 6.71
-3.7 1.98
12.23 -0.83
8.22 13.79
-7.21 -2.12
7.34 13.67
-7.01 0.56
-0.7 -3.92
3.42 -10.24
6.47 -8.61
16.71 -0.07
4.59 23.04
-5.46 -20.83
-3.53 -11.72
-12.05 -6.45
7.22 1.99
10.79 6.49
0.96 -22.14
-10.96 11.58
-12.8 -0.37
10.68 -1.67
6.31 4.24
6.24 -19.75
7.48 -8.26
5.46 -18.38
13.07 -1.79
7.14 -3.32
3.6 -9.23
0.65 -4.89
0.41 8.91
-5.99 -11.18
-13.05 -1.67
-6.71 -13.27
-14.83 17.4
-17.65 -6.18
-9.0 3.35
2.24 5.46
-2.72 8.61
0.03 2.25
-2.44 -3.52
0.35 1.9
-4.4 39.26
-11.58 12.44
-2.05 7.57
-3.34 5.23
9.56 3.16
-12.9 -8.25
2.45 -0.01
-16.23 0.54
16.71 -6.87
16.89 10.14
0.0 -11.73
1.11 -1.03
-16.02 3.98
-4.44 -6.97
4.97 2.42
5.38 13.43
0.84 -2.59
5.28 4.82
-7.96 13.03
-9.11 6.33
-7.64 2.94
-2.55 10.54
-0.19 -5.96
-7.53 9.89
-6.39 -9.62
6.39 1.64
-0.11 -8.92
-1.09 2.28
-8.22 -1.78
12.57 2.31
-5.62 -5.28
-19.88 -3.98
-0.63 -2.06
-0.74 -4.29
3.45 8.04
-5.86 12.6
-6.42 2.08
-9.44 -9.1
15.9 6.61
12.97 9.08
-2.47 15.15
8.04 -0.42
4.33 20.99
-2.2 -9.39
-2.27 -5.22
-7.6 -7.34
-8.74 0.93
-3.66 -0.65
0.28 -8.92
13.65 -13.06
-6.0 5.1
-18.94 -15.36
11.75 -1.55
10.89 2.65
-4.61 -16.89
4.16 -7.68
9.59 -4.99
-9.0 -17.01
-0.34 7.18
9.47 9.22
13.96 -3.53
7.11 19.43
-14.7 7.36
-6.57 12.2
2.12 6.93
-6.81 -2.74
-19.79 -6.73
-2.81 3.48
3.95 1.03
-5.13 12.22
-7.25 -2.67
2.2 7.73
5.26 12.52
-1.48 -5.62
29.27 4.75
-12.98 -1.31
11.2 -5.78
-6.56 0.51
-18.94 14.29
14.31 3.73
-3.8 1.85
-9.95 3.75
-9.12 11.12
-8.62 -8.44
5.16 -13.83
-3.6 10.32
6.06 18.98
-17.77 2.08
4.32 17.55
7.08 -13.49
2.67 13.88
-2.24 -4.25
-3.52 -22.32
1.22 -0.73
4.29 9.72
-0.51 10.71
-16.0 3.01
-17.1 25.9
0.43 -2.73
-10.62 11.71
-7.42 12.47
-5.34 6.39
-16.41 10.0
-2.44 14.79
-0.54 7.12
-5.54 14.04
-23.75 -3.37
12.69 -10.66
-1.8 -8.54
-1.51 16.66
-14.66 12.27
13.96 -1.84
11.38 15.62
-1.45 -13.9
15.44 -0.95
0.5 1.84
12.33 2.79
-13.0 -5.75
-4.01 11.45
5.59 2.84
3.39 -8.25
13.04 21.87
10.73 16.33
5.96 13.68
1.96 -6.26
25.37 -16.18
-14.3 -10.94
9.64 10.41
-2.85 5.95
4.3 23.09
16.52 -14.16
-26.37 -1.32
-3.92 4.0
-7.11 3.51
8.41 -9.76
0.31 -13.26
16.4 5.36
3.3 -11.92
5.48 9.47
-20.39 -1.2
2.03 13.47
-5.61 19.49
-7.53 -7.65
-10.04 -16.41
2.05 -25.34
-10.23 4.2
-11.86 12.65
14.06 -11.28
-15.22 8.4
0.5 -9.71
-2.19 6.82
2.88 8.99
2.64 0.64
-0.71 5.24
4.67 17.65
7.7 9.59
2.34 4.18
4.85 5.14
-10.01 14.6
-6.09 8.27
-3.86 0.44
7.42 -18.1
10.23 -7.46
3.84 -6.74
-12.08 -6.94
-5.46 -3.88
6.77 -16.71
-0.23 12.84
-10.86 -1.69
18.4 -4.05
3.11 -0.17
1.97 -8.17
-3.35 3.71
10.57 4.98
-7.98 -2.67
2.4 -14.66
-3.37 -9.43
-1.26 2.39
-0.55 1.41
-17.67 4.43
18.28 4.77
4.02 -1.41
7.18 -22.94
0.08 -5.75
-0.51 0.25
11.96 9.25
-7.32 -0.1
16.54 -1.14
0.09 -6.4
22.74 -5.25
11.04 17.84
-10.95 -2.08
1.13 -3.42
-2.09 2.18
5.39 -0.84
-1.98 14.27
4.05 3.98
-5.99 1.65
18.96 -1.05
26.55 -3.05
11.12 -5.51
-15.51 15.14
-16.7 9.03
6.99 -14.63
-22.7 6.55
-0.94 2.21
15.8 3.07
7.85 -11.62
7.19 0.99
-5.27 -3.67
-7.16 15.95
6.76 11.87
2.93 -8.51
-13.99 8.68
6.43 -0.87
0.6 3.64
-0.74 -13.85
11.53 -8.58
4.84 1.44
5.18 -0.96
-2.28 -4.76
7.14 3.63
1.6 7.04
8.89 8.26
-2.18 1.78
10.43 12.71
-1.19 -2.99
-27.7 -8.37
-9.89 -15.03
-5.3 18.12
-14.3 -12.07
7.13 11.45
9.85 7.46
-15.36 24.9
3.74 4.96
-7.14 1.03
0.38 1.23
0.76 16.27
5.44 13.67
14.66 -10.08
16.5 17.38
-17.64 3.28
-3.93 -19.24
5.98 9.2
-2.18 8.25
-11.41 -0.29
-5.51 1.45
-1.64 6.38
-15.52 -3.83
6.03 -0.05
14.05 -3.77
-3.64 1.27
-0.76 0.84
4.09 -11.14
12.29 -10.72
3.38 6.12
2.05 -11.77
-3.18 9.18
7.31 8.15
14.22 -7.14
-21.95 5.55
-10.27 -0.24
-3.02 -13.16
-13.86 25.63
-10.51 5.9
-17.29 6.63
11.72 2.31
8.93 -9.7
3.36 -0.14
-18.48 -7.99
-8.89 -6.32
-9.1 1.39
-17.34 7.93
7.68 -21.72
-7.19 -0.23
5.09 1.72
4.01 -5.02
-6.28 12.13
-2.67 -6.67
-5.3 9.64
8.35 -2.81
7.61 3.77
-13.43 4.14
-1.62 -7.34
20.47 -6.88
7.01 10.49
-5.49 -24.05
1.0 -4.86
4.25 -3.44
-13.32 -8.06
-7.08 -7.59
-4.36 8.69
4.15 14.67
-7.78 13.9
9.12 4.72
5.26 -13.9
7.83 -4.16
-1.3 -2.44
5.52 2.56
1.64 -4.96
-4.41 -11.2
9.29 19.11
9.54 -11.54
-1.79 -3.0
3.53 -3.13
-14.33 -2.8
0.04 -15.23
-2.34 -1.43
12.82 -7.2
-14.52 -13.02
6.15 -8.01
7.06 5.22
6.66 7.08
-2.87 -4.04
37.19 -4.58
2.91 -3.76
-0.51 -1.28
-2.52 10.48
2.41 8.24
26.63 6.07
7.69 9.53
15.41 1.5
14.15 4.16
-23.89 -0.25
3.44 -6.76
-2.91 -3.93
12.4 4.04
-10.3 5.37
-4.59 -3.72
6.79 -9.41
6.3 -8.13
8.04 -20.78
-14.04 -0.24
-6.85 0.16
6.74 -7.78
-11.77 -16.38
-4.26 18.59
9.55 7.72
6.33 6.21
16.33 10.47
10.15 0.83
8.48 4.96
-15.62 6.86
7.24 -1.03
-2.98 -6.81
4.08 4.81
6.97 1.31
-5.25 4.14
-22.27 -14.5
-1.56 17.25
-13.81 -2.55
-6.67 -16.43
4.6 4.25
-10.46 11.58
11.98 -3.52
2.38 -5.04
-3.16 -26.41
-1.66 5.95
-3.28 -26.82
10.48 -12.03
-11.66 2.58
-3.73 -7.95
10.32 9.8
-3.89 -6.3
4.01 -12.21
8.99 10.34
5.18 4.52
-16.03 -8.12
-0.15 13.52
-1.03 13.13
-4.54 4.58
3.68 15.07
11.13 8.91
4.56 -9.63
-13.85 -7.41
8.22 -0.29
7.68 -2.17
5.28 1.17
-9.78 -24.6
-10.19 -5.8
11.2 -3.52
-3.91 -11.26
11.5 8.46
-11.9 -11.54
-5.43 0.29
-4.82 -23.54
-12.86 -5.96
-5.63 -11.25
11.62 0.65
9.41 15.26
22.27 12.5
-16.98 -4.99
0.39 -0.92
4.38 -8.0
-8.73 -7.89
-12.2 4.04
-2.02 -2.66
-0.7 4.13
7.78 2.42
-30.17 -1.17
-8.11 23.87
-17.49 3.97
7.62 2.56
-0.66 -4.6
-1.34 14.19
11.84 -1.27
9.02 0.89
-3.33 4.07
9.89 -1.16
15.52 -5.99
-5.37 -7.48
-24.57 -6.47
-1.74 17.24
-2.01 6.19
-3.71 7.78
-9.59 17.4
-9.01 15.55
-12.59 16.91
-4.96 19.97
-8.88 0.12
10.29 -12.9
-16.63 4.38
-4.17 -17.75
14.8 7.53
12.95 15.76
10.1 -12.18
15.87 -0.57
13.03 -11.08
-1.37 0.76
-5.23 2.19
-9.06 -3.49
-5.81 2.98
1.8 9.12
-3.43 -18.75
0.21 20.51
-4.98 -6.14
4.76 7.96
7.52 -3.16
-18.62 -10.73
10.27 -5.43
6.06 3.12
12.92 -8.79
19.35 14.83
-5.23 -8.18
-5.89 -10.45
0.49 -2.02
-6.59 -17.18
12.34 -3.95
-11.12 -7.2
3.21 -3.04
6.25 -12.87
-8.62 -16.42
-6.05 -16.99
9.15 -4.13
12.78 10.85
5.42 -16.54
-15.81 4.23
-7.0 8.97
-7.91 -0.43
-23.64 -21.03
2.54 8.71
32.54 4.26
-4.41 6.8
-10.15 -7.01
-9.77 0.34
-4.67 4.59
20.45 -7.1
16.13 1.42
8.4 -12.09
2.8 -4.47
-16.35 11.46
16.0 -7.75
-7.74 4.69
-0.39 -1.77
7.44 3.48
1.13 6.66
20.75 -2.93
-2.47 2.25
3.01 -6.82
4.16 -13.5
-0.61 12.77
3.62 -4.86
4.57 -5.92
10.48 2.58
-7.78 12.85
-0.89 14.71
10.13 10.01
-0.77 -2.12
-2.35 2.3
-9.09 -4.62
6.93 -10.51
12.37 3.28
-6.36 -12.97
8.94 5.17
-9.61 4.64
-2.14 -27.73
18.48 -14.13
-2.46 3.29
-2.48 10.39
-6.77 4.47
-13.89 -12.75
2.15 7.25
-9.84 3.46
-0.07 2.9
5.93 -4.11
3.0 -12.77
21.25 2.27
-6.01 6.71
3.43 5.98
6.5 7.31
-1.15 -16.72
6.39 -2.84
-17.61 4.74
-6.28 -4.78
2.54 -17.53
2.62 -6.3
-6.68 5.48
17.47 10.09
-3.19 3.65
17.03 -0.44
21.56 14.71
-10.7 10.54
-3.89 -1.39
-19.28 -5.59
-6.01 -11.24
15.62 1.89
5.01 14.77
0.26 17.16
-9.64 -18.37
-24.46 -21.48
7.17 5.7
5.99 8.53
17.7 4.11
1.58 -5.06
-17.43 -25.34
-6.47 6.08
-10.93 -3.17
-6.73 18.86
1.74 -9.16
8833.85 5257.68
-3563.62 9939.56
-2121.71 -7935.69
9331.46 -1166.3
4218.24 -5099.8
