100 2
49 10
23 40
37 77
42 71
83 75
76 17
16 41
25 46
49 39
27 10
23 81
1 18
31 51
69 48
93 61
96 36
5 21
87 45
25 99
30 49
21 1
69 15
89 41
54 34
26 1
67 42
6 65
73 1
17 63
1 43
76 19
25 53
65 33
39 65
35 63
61 23
11 35
23 33
41 53
5 87
66 79
61 92
1 51
61 25
73 57
11 29
41 77
51 25
29 16
51 74
3 99
78 100
31 83
52 5
81 71
29 62
81 98
25 66
39 15
81 9
44 67
50 67
7 36
17 54
11 2
86 72
97 65
84 24
81 36
55 61
85 81
55 32
86 88
59 61
6 56
11 4
89 13
68 41
37 91
84 21
17 100
53 82
53 70
81 28
88 75
33 60
60 58
61 95
47 2
8 7
12 24
94 81
64 61
73 90
3 38
63 20
75 14
22 85
79 80
