10
14 37 96 55 14 40 93 76 93 99
78 21 21 66 58 57 49 53 85 12
54 42 24 65 30 14 95 54 38 45
25 76 61 85 78 78 38 17 27 86
92 10 51 86 14 25 80 73 71 97
9 53 69 14 32 92 93 77 45 83
88 2 3 26 46 59 50 92 47 97
98 72 81 85 91 47 80 5 75 90
80 8 32 66 58 9 40 27 93 4
84 54 24 86 18 3 52 10 53 75
65 50 67 39 30 71 55 87 2 60
55 8 56 50 30 38 62 30 8 66
90 30 96 14 56 27 18 85 62 49
71 58 58 97 47 16 9 35 82 9
75 40 76 85 77 73 54 66 71 4
86 70 58 80 71 1 54 23 56 60
2 61 44 37 31 19 67 82 46 65
19 79 27 95 73 98 83 57 73 29
71 68 27 44 95 88 85 76 60 21
81 82 87 83 9 7 42 18 29 82
