18
650 981 737 556 429 699 421 295 443 892 442 788 595 841 832 470 159 822
281 343 615 133 62 658 646 280 458 152 373 100 465 101 738 756 132 344
40 353 86 502 202 120 307 575 709 98 253 367 939 509 760 943 610 36
674 997 787 334 705 734 228 953 467 769 452 4 895 621 611 965 63 796
62 614 69 539 654 391 880 429 514 310 34 942 177 427 103 222 169 465
246 852 697 563 356 404 88 551 940 198 84 701 113 582 775 617 566 278
287 943 975 431 849 732 287 980 804 394 82 975 884 327 761 40 914 573
537 658 903 877 943 514 113 211 850 315 288 68 138 730 405 560 828 700
225 324 513 938 528 591 843 263 569 960 506 781 28 795 161 203 701 824
636 699 549 921 461 73 110 128 889 68 941 769 459 350 977 960 986 425
32 321 84 308 94 403 668 579 558 362 58 176 395 827 905 532 20 40
487 435 516 138 583 827 381 5 275 645 855 341 158 139 678 153 138 527
393 190 9 916 493 871 393 252 480 695 134 556 789 847 802 428 497 5
260 103 683 696 355 717 263 475 173 520 610 631 6 848 461 767 949 640
656 575 637 600 641 482 111 540 627 524 849 709 578 889 396 146 409 562
39 863 870 614 793 751 644 220 933 112 873 731 537 487 865 881 85 74
701 57 785 923 548 266 147 591 992 283 876 989 223 482 925 179 855 476
925 252 143 387 493 846 124 530 174 765 783 893 377 642 617 952 787 416
557 13 326 37 800 298 537 242 449 797 781 891 365 549 119 271 731 809
485 735 79 145 173 564 264 8 8 524 59 946 666 567 636 115 658 89
501 678 981 692 170 529 245 149 149 824 990 786 184 385 675 475 309 573
764 392 158 369 262 793 881 753 145 229 588 489 748 761 672 657 538 957
877 787 919 1000 528 163 817 83 439 513 775 553 843 775 505 591 717 387
457 630 328 195 854 965 7 117 737 925 418 420 277 715 400 850 550 148
318 741 140 912 232 422 519 381 394 100 627 182 931 58 547 25 230 549
607 108 356 835 459 881 469 110 440 762 854 775 356 226 252 929 712 195
976 947 739 683 85 255 727 234 817 741 551 980 497 526 377 317 133 598
477 310 268 741 684 178 388 506 885 936 23 54 760 966 255 495 361 637
263 241 718 303 597 927 838 870 92 233 574 199 770 693 560 794 61 803
372 615 145 83 934 970 262 66 882 741 771 945 304 4 954 63 394 419
316 597 567 590 154 461 156 165 435 736 297 287 25 465 410 272 640 799
199 965 118 850 487 402 146 15 10 670 135 945 475 465 816 874 458 133
558 735 255 873 662 475 211 618 807 165 875 954 574 389 807 382 688 338
684 333 214 96 900 255 712 441 150 479 670 792 701 995 670 538 440 422
309 739 884 490 953 173 136 389 319 816 756 177 217 552 184 640 645 522
149 350 610 92 458 184 569 999 465 206 349 285 888 729 420 323 481 348
