40
6369 8903 6499 4981 8425 7759 5879 7750 6303 1073 9063 6433 7824 9341 6034 817 678 9642 74 4459 6816 9030 9140 7877 6190 2003 9966 7868 6392 6059 9187 6427 1720 6270 6029 972 8204 6787 3894 9571
2910 5870 6797 3935 4206 400 7843 2470 7053 862 3321 3459 303 6008 1112 5212 827 4840 8591 5222 7664 3519 8173 9266 4143 7120 6515 9257 4637 1234 6619 2180 146 5506 2982 5082 7210 9457 8929 5335
4825 4759 8936 6982 6002 8428 5869 4859 714 1098 5463 5852 1019 2307 7938 7442 1057 5257 688 3047 1061 5931 8464 8051 2063 8017 3086 2821 5604 654 4586 317 8286 9141 8325 860 5840 2307 167 5070
3941 3755 6201 4056 8200 2945 8640 7404 3540 5336 3193 6945 6291 458 4669 2517 8746 3739 3937 676 1751 6463 9521 9739 3984 8438 5577 478 3879 788 3395 8509 7782 8869 9828 5334 6356 381 3145 7972
1406 6596 9430 332 7258 6991 2172 3193 1878 4819 9831 9027 8795 5344 6646 1132 3053 2888 9917 11 8165 3711 7593 5727 7053 3401 2114 8010 36 9014 3945 8024 820 2912 948 4607 6631 1875 8034 6981
330 7342 9465 5083 6884 1237 5910 7877 2662 8051 7091 1331 6070 6552 4300 5953 4108 9667 5019 1313 3063 8208 9799 6006 8731 619 2332 7711 1213 4832 1547 5142 1455 5027 2288 505 3856 206 2452 1271
5929 3633 9359 1827 6291 9131 713 5283 179 4523 6126 6420 565 2575 325 115 5864 7434 20 9471 1482 1776 4990 2960 3273 5936 3323 5003 8304 2620 2017 9082 5691 1065 3998 3658 2221 4478 7681 3031
799 1970 7010 5341 2407 294 33 5939 9538 4989 8658 6916 2613 7675 5125 1551 9113 8718 5629 1714 590 4469 4120 1989 5572 4294 9692 6774 5556 2622 9793 7048 9966 257 4526 4686 8417 7150 4889 8149
4202 5500 2777 3553 9444 5767 3538 6417 6207 7442 9555 3067 3377 4204 6316 3280 6950 6887 570 2763 1437 5538 1220 983 3572 3659 3780 8511 9373 8281 4865 2061 6690 4993 4450 1927 163 8490 3311 2429
6233 2754 3530 5114 9556 8838 4104 5959 5583 378 655 6626 962 2818 633 8537 7060 141 6455 4175 7944 4088 1951 3328 1991 5702 1087 1830 3565 3489 3826 2932 2541 622 9075 7038 4235 2298 785 7631
4199 7280 9273 8023 2 9582 3388 1023 2836 2991 9410 9766 8895 9768 757 8412 1830 771 2974 1730 5201 2472 6589 4712 5042 8227 5670 1570 7201 1021 439 8833 3975 7610 8136 1184 7979 9655 6353 8001
2990 6417 3897 5358 7253 4454 7094 6093 3681 9055 9469 8000 6052 3249 2780 760 8428 3948 3199 7780 9144 6365 5711 2621 3155 548 1866 8531 6441 6682 4073 268 9110 4039 324 410 3001 1239 8885 7528
2483 1481 4605 8596 7100 8009 3317 3160 5288 2865 2157 2795 3637 1239 8423 8090 4954 260 5635 1051 5748 5202 8154 3168 3130 4793 7764 9700 4576 7834 7952 2779 9530 1395 7897 6980 5414 3806 630 333
4005 3103 9232 2279 2123 9210 2904 2884 5515 5019 5370 9979 7853 4208 7766 934 4376 5409 887 549 8749 2285 4872 6481 6119 3980 3916 1959 8928 9029 2977 9427 9710 8454 2729 8632 8358 1522 8461 8433
8059 8119 7495 8601 2087 4359 9810 9743 9937 8956 6315 9484 7972 5449 328 368 7644 6071 2760 7040 9591 6070 927 9244 3292 9547 2663 9131 9168 7605 5725 3743 4224 2761 3141 7775 7039 1909 8709 5706
9392 5608 3685 1418 5064 2345 1216 6380 4580 1729 7715 4011 8993 9008 64 3994 2833 9315 8417 3670 3747 5969 1300 9181 3056 7999 5167 9300 4641 8923 2875 2674 1994 9903 2290 362 1058 8304 5468 9988
1419 9507 9752 9250 7871 7005 8107 3935 9008 4477 399 9691 5421 4614 6582 2437 7641 1868 4183 9625 2115 2437 80 541 5883 2266 8354 7790 6582 481 6858 6409 215 9331 2509 9954 1325 140 1991 8739
1256 7785 378 4675 3877 2318 7744 2773 1220 8703 2338 1803 6705 9946 3675 1758 9835 6241 6581 8536 3948 4650 8766 1755 9991 1578 8104 7789 1239 153 9811 1398 4602 857 3750 5486 2283 2455 963 4961
3883 1729 1862 4629 3046 8301 3999 7755 7669 59 7269 9799 9574 5103 618 6171 3540 450 963 9787 8767 7866 9579 3010 57 1101 9103 8850 9631 8450 8690 768 8128 4819 3221 3351 4807 3594 8352 9468
8638 8211 7952 3456 9730 7993 4262 4619 8098 5194 8443 2881 2564 4000 1980 4497 43 7249 8951 5416 477 556 3138 448 9279 4605 929 226 3751 8703 5014 7944 2165 3856 1926 2980 1233 9657 330 9785
9787 4503 7655 1047 2834 6799 2037 1275 8519 4233 9816 2846 7442 7172 2597 5036 709 1947 1137 2149 8500 9815 2175 6055 8300 1025 7561 1831 32 8049 8076 7523 6620 4538 8563 2933 4692 7054 6955 5679
3251 3393 7761 3892 7531 2180 3474 605 8951 8800 4972 3342 3548 3713 6106 9514 1419 4973 6828 6269 9350 693 1686 452 1344 2412 2938 2515 4806 518 7464 4157 8285 5472 2110 1835 7705 3892 9682 1264
9665 6817 1237 9214 9615 5155 7376 9879 3811 6808 9505 9414 2819 7640 1323 4755 1765 1941 7609 2835 7052 6198 2709 9910 2910 1731 9021 2676 1217 8092 924 4808 6912 230 9323 7123 6642 7626 6209 401
1836 5686 648 7255 4505 452 1957 3488 41 9588 6064 9965 2080 1004 4357 1976 3325 6239 395 1877 993 7327 9460 3788 3037 7499 9230 5227 4850 4799 7157 3856 1067 398 757 2062 6153 6609 3372 8110
2546 3788 3764 8109 4170 1008 2401 7874 2461 7228 2744 7910 6905 7860 9956 6060 6361 1353 7820 6390 1958 4079 3753 5854 2309 5324 7503 6916 8466 1998 7292 8772 8196 9520 2290 7776 9665 7952 1249 1363
5494 3435 3543 9503 4248 5641 213 1117 8881 3805 9635 5491 9914 6438 7909 7485 4645 9980 8066 9602 3990 3740 1099 4913 9905 7227 4856 2206 9542 9176 3941 8216 1773 6235 4251 9171 5781 4987 4267 3309
4809 7230 2302 1083 7810 8833 6966 1796 3320 440 1100 7578 957 2009 1824 1893 8450 8672 2286 9880 2367 1365 5779 2403 5530 88 2509 7809 179 1644 8693 2271 6682 6890 4162 7442 598 2780 3136 6710
5013 190 4299 2833 3201 9626 7953 4928 5078 9872 7229 3408 1020 4294 5456 6247 7571 8444 1231 379 3599 8599 4876 7645 384 1444 4137 277 928 3992 765 1340 6142 4912 8227 488 2061 5455 2686 8456
6209 2757 8561 354 1356 646 7105 7086 6312 2483 2338 7298 7519 7297 2540 1362 3531 519 2027 6802 5516 9644 7360 9735 192 915 9672 9760 2315 3690 9541 4527 5186 2366 8371 55 3948 1526 7492 2552
7924 1171 3001 3655 2389 9364 1483 6781 8342 3372 9129 9349 8195 9998 8407 1763 2737 8411 1074 1949 5931 8335 6165 3915 1955 379 4578 4645 1610 4241 5502 609 2479 7700 4967 6584 6143 7291 6284 6478
1558 9174 774 4767 7172 7656 4864 4248 3899 8000 9000 6289 4103 3276 6680 5930 6485 5646 806 9876 1477 5996 9203 3585 9268 6641 9780 5334 2862 7031 9333 1676 29 1822 7634 1551 5655 3902 9671 6251
8550 9329 652 3786 2507 5445 2657 3439 7074 3282 1329 7065 7825 147 6483 6481 8329 3141 1757 6036 5896 3635 338 5640 3246 6840 9261 2027 7878 2559 5161 9490 8661 4650 1654 5315 3858 9246 5221 1355
9348 2527 5616 3636 1064 4995 7790 7319 9716 382 2130 3637 8396 7934 8970 323 5391 5212 6292 8612 7851 560 3208 304 8897 7418 4472 8949 6924 9286 4883 4339 9049 3000 3090 2662 1712 2117 227 8838
9613 1340 2378 5308 3342 3387 6471 300 6567 2109 6537 8166 6939 8459 90 427 2100 5814 4063 7913 6343 5525 8972 3799 5231 9387 5730 8086 9238 744 1081 2972 1966 5663 5697 1289 4591 3783 8024 3197
640 4795 5059 3235 1070 8255 361 7827 4987 3143 7139 6809 9884 5277 7408 3334 8920 1923 2006 24 8063 9491 1744 7669 4501 9101 9063 3355 7288 7021 815 7433 3135 3106 6856 3012 4918 7639 7441 8891
118 1257 6812 2316 4347 6376 9092 5897 4645 1874 1105 6846 3814 5426 3847 3082 8730 7530 907 244 4615 7398 1190 6697 7787 8342 6872 964 1538 643 9093 9234 8492 3825 9905 3943 889 1526 8179 7623
7397 4615 2064 9054 3805 1343 357 402 1553 2937 3186 2153 2758 111 7847 7116 5534 7709 4465 8518 3458 3643 6672 8932 4280 255 3130 8887 471 8396 2038 2812 3063 5116 1800 8137 4188 428 1513 2543
7606 3308 5535 7419 5181 5657 2215 488 7377 6417 4456 676 1889 2394 9124 5328 1740 4184 1863 9984 2116 6806 6771 5123 3108 8945 8729 2592 4995 9223 8056 8220 5796 4583 4716 3608 5782 7095 3560 3886
7387 610 9856 5557 4999 1174 4877 4513 616 7434 2237 454 8493 6327 9316 9029 1470 7411 7507 4662 6035 6572 274 7715 372 5064 4299 8974 9394 6102 5082 1445 5969 3352 9822 8376 7753 1163 7841 8082
9641 2304 1927 7143 8461 9177 4661 3940 3501 296 4577 2005 2542 8775 3182 4148 1678 2918 2621 865 1371 4027 9215 350 5 6677 1563 8557 8473 9813 5581 8748 3412 8562 7467 6663 622 8895 2666 2804
8154 5220 9033 9333 9648 1849 9443 9298 5299 6590 9958 4290 8586 1800 4168 3897 6263 2501 9568 8870 4640 1296 4427 709 7992 2525 2193 3764 6180 2285 5332 2073 8076 937 4234 4193 5991 1723 934 5277
1469 507 6252 4542 8626 4867 1928 8282 4662 4248 5044 1155 977 3316 315 2772 2023 9342 8641 416 4031 356 6963 903 403 1831 2166 3392 3972 1093 2089 6267 7413 530 2990 2880 2709 4671 4897 3047
8118 1025 9660 9438 9138 7947 8373 9016 5372 567 3740 4544 7874 1520 6173 806 8330 4616 6768 1053 807 1516 1813 9709 7165 107 945 4409 2243 9150 9847 4272 1595 8509 7185 1486 1548 4636 2 8202
1271 2365 865 9787 7546 6879 4895 8905 1003 844 9120 1803 4087 9296 6556 9237 9823 7555 2026 1979 5193 9579 1580 4098 876 4125 4547 2723 8865 9146 8450 9654 2747 2801 7746 5630 5779 9884 196 824
6386 4905 6622 2589 8562 3899 7881 5840 4114 5182 3195 3337 6031 2558 9688 5794 1160 3150 3133 4976 8025 4425 8155 4640 5271 974 3216 986 6639 6197 4977 8754 5119 836 3510 5528 2968 7451 4457 1327
5912 1759 5221 4823 2644 2874 7930 1145 2294 5122 5525 9775 7787 7264 6271 3879 5308 1153 2580 1088 3842 8273 8381 9774 9733 567 1897 9421 4728 8042 1707 3343 9246 4243 1094 1957 4206 4985 2506 8147
9558 3800 4447 1542 9538 2085 393 1247 2805 9030 69 9291 1650 1827 1466 6953 8811 5549 9352 5546 2876 1939 428 1307 2885 598 9280 7119 3840 1828 5221 4530 2737 8935 1425 2499 4014 5541 2753 3356
4866 349 5595 6144 2617 4957 8096 4719 9552 1864 6196 4017 2919 7161 2021 9935 3921 7917 4366 4297 5726 7624 6193 6730 6634 7191 5237 468 4393 4220 4149 9156 2511 952 1339 2010 8906 5883 464 430
4391 7399 979 5706 5082 9421 9875 5333 5210 8849 3935 7979 8398 8578 6186 4458 5690 299 8058 2330 189 6645 1190 9547 3093 4504 3164 5770 2586 9481 7517 7627 3884 7382 6347 5608 6984 3296 7021 6370
8219 2612 4931 9190 7560 5973 7733 6018 9749 3779 1848 7069 9524 3325 7086 5323 2781 228 9876 8836 5276 5822 1344 8314 2093 7107 4876 9892 7155 7844 7539 7337 1254 2114 9194 3793 8050 694 6911 1479
1801 6229 1852 7931 9262 3194 2638 9783 3145 1063 6662 7377 8439 8808 7014 6174 2213 2608 793 9613 3298 5402 5983 5595 1648 1708 5418 6864 1278 9491 6129 7652 2381 8985 2248 7786 7496 8912 6274 9252
3419 7765 1675 2010 9565 2717 8879 7939 7976 9992 7607 9775 2090 2282 8987 9975 1528 8086 7120 2681 6450 5683 5708 5311 2485 272 6746 4158 9700 3779 1326 4141 6173 7886 4257 8038 1788 3614 923 9191
8839 7609 2692 3876 9723 7986 3721 2048 2131 7878 6544 392 279 1175 6577 90 534 4772 505 5697 6673 2166 5283 4654 3566 4351 7361 557 464 169 3849 8417 8521 8811 5330 6542 1159 1419 1204 3850
4380 2988 5328 1749 491 2761 5995 7957 562 1869 3319 3320 9525 5561 2961 6300 9619 9194 2177 6777 6235 7066 472 1655 4157 3576 335 4238 8661 8940 3902 686 6611 7963 3543 8624 5677 589 6911 5707
5482 6095 7230 153 4258 2327 2430 164 7191 8870 143 8755 4824 1930 6138 7002 9565 3687 7209 2660 7221 5059 9033 6899 2991 7099 8472 4362 7611 6424 6720 6040 2064 8211 5631 1434 2838 5841 9155 4255
5054 6550 1940 1458 6785 9333 5767 6417 1309 8229 6529 7934 1963 6961 4972 8537 6459 9394 9687 2601 3657 2426 2103 8158 9586 8542 9475 5213 5690 4801 4192 4724 8464 1176 3397 1070 3880 762 324 7152
2458 1818 7579 1540 9468 1696 8958 9922 1922 6951 6430 8201 6617 4145 8137 9508 5328 4416 126 3003 6219 4852 1508 2653 9480 2521 2568 8359 1711 2795 7293 8394 377 4266 5923 1862 5884 40 8760 2060
1617 2435 5235 788 8214 6059 821 4937 7721 2376 3478 1861 5797 7587 4082 3735 7990 4277 9699 1666 7767 3058 5921 9780 7871 9638 8511 9090 9749 4955 1260 3029 1409 2536 4290 802 6746 5380 6955 1073
259 9789 5446 4360 5686 918 4016 3750 2729 8867 5073 1391 335 917 196 7853 6587 631 1403 4131 1648 3384 9702 2781 2348 6485 6046 3070 3070 3408 6555 4130 3060 7388 4186 2706 9960 8661 6748 7706
7007 9670 6998 7932 1776 3517 2503 6532 9309 6069 1258 2770 7665 4788 667 3691 8486 3698 6986 6046 3225 1329 8076 7399 3934 2362 1963 1230 9050 2812 3559 5401 1510 7027 7622 2983 9025 1108 4311 5762
968 2883 3657 4647 5674 8636 7079 9502 60 6589 9721 3863 7962 5062 1892 4453 3321 7618 539 4412 7161 6939 2905 5346 5327 5819 2336 4660 2942 4667 3563 168 9550 3325 3395 5851 6242 295 7430 1367
3548 1675 4274 5415 4127 270 4601 7871 2476 8025 7211 3308 8082 2898 9336 8593 7759 1894 7240 7723 4472 5585 8889 2386 5296 7415 3345 7770 863 5760 326 5498 8411 10 3166 9732 5634 7691 775 8185
1556 3760 7719 7206 196 4671 5746 8416 6693 6581 9675 7915 5349 8831 8964 2097 3376 519 6358 8064 9795 6859 6101 1554 4670 4376 7842 3496 2839 4766 1982 9636 3000 7009 1706 3802 4107 9885 6723 4314
357 9727 4046 1642 2813 65 6299 1627 4435 8762 1545 829 7348 1257 4635 4545 5197 8119 1579 1482 7893 2679 3581 3338 3932 6619 7437 9636 4124 9789 9731 5227 4931 8164 7014 903 7874 5609 580 7149
4136 7071 9913 5182 5409 4848 636 2077 4985 5114 3419 466 6994 1010 6318 4872 7726 652 3684 2163 1092 7659 9984 1132 9008 8085 6939 9502 304 6796 798 3580 5297 9516 5778 2610 6897 8939 1906 6327
4831 2725 3063 7041 1239 9493 5728 5431 330 5720 178 9063 916 6460 2799 6169 4912 8483 6493 5780 5662 8824 390 812 64 9207 5415 2205 1620 9151 1663 3320 6944 5604 7077 2427 4171 8604 2560 2795
4724 641 5767 38 8482 8920 5202 1102 7210 6210 6771 5205 938 9408 6443 361 3598 3957 4815 3843 8538 4765 2334 2294 5986 6567 859 6293 1115 7351 3665 1674 7593 788 1763 1555 5881 4310 4060 5015
3206 8224 2400 6102 3372 1558 5610 8982 5430 7587 5821 5841 794 2862 2606 6256 3206 921 5651 8174 4165 4311 5065 4948 1707 9190 9076 9062 1431 2424 9261 5859 998 6849 2865 5170 2591 9403 3766 4773
4727 703 5207 9711 5852 5815 453 5830 9893 5022 4006 7389 6126 9768 7609 5661 3983 9478 158 566 9103 8541 5847 9350 1694 3761 683 5040 3471 9922 1719 3941 7970 1898 7808 925 3239 1138 4329 168
7128 1508 1387 7328 3808 3456 3335 6392 2589 1831 3230 2242 4634 8314 3385 5665 8042 2262 5858 5764 7490 3801 2810 4222 7681 8690 5903 2825 9874 803 4552 2079 8995 4226 7408 8555 876 719 3162 5762
8943 259 636 6957 7132 9387 5607 622 7402 9625 7882 7958 6852 7736 62 4242 7734 8225 2030 4711 7860 6825 6764 2787 2250 3196 5979 2599 3786 3415 7717 5008 5951 9119 1694 3758 9648 8598 3370 3928
5658 6381 9305 4494 9129 1576 2334 6204 8345 2602 2403 6993 4073 2794 4889 7538 3295 3057 7987 9435 2329 9987 4117 8497 4768 1585 8473 5644 541 3800 5991 986 8441 7646 794 1291 7176 3126 2219 699
4451 2356 946 6531 7849 2597 9617 9053 5253 8274 6545 6609 8116 9742 797 2096 4733 69 3665 3016 6101 291 176 8213 3515 1610 146 8449 6207 9800 101 3105 2786 4848 5835 3095 289 3059 8604 3647
8580 8908 7700 4867 8257 3673 1394 3217 7155 1421 9310 4328 9245 8296 6915 5644 3393 4515 7907 4899 5797 6391 6677 3568 2370 8125 9194 1529 5349 3868 7086 3411 8238 4019 6402 4675 3981 7531 2559 573
9518 7661 1543 3382 2581 3263 7642 6675 2570 2808 5240 143 8622 7278 7289 9887 550 1938 3595 2176 3264 2287 687 6229 3836 5555 4916 9094 2760 4972 1919 2630 2337 9534 8240 5065 1446 8545 7503 6372
2694 8872 1334 118 9348 7882 6246 4393 8624 9782 8368 1002 4023 7596 4410 9829 2359 8685 9235 3878 156 3051 9544 5930 4188 8746 1733 1149 9152 6451 8093 758 1401 7912 6644 7134 7397 2504 9425 4827
8443 5645 460 6520 1673 6878 2297 3042 3284 8547 5430 8481 7122 8438 4336 5487 8416 1236 2624 308 1620 2182 8768 3586 5347 1631 3910 7592 9168 3052 4880 2593 4841 8873 9238 3200 5763 3420 9338 1006
6786 7208 4233 37 1881 5578 7512 6374 250 1140 8857 1226 2767 699 8287 3248 1515 5082 2424 1263 2504 4624 1230 655 312 6356 161 8225 2073 3503 3556 2193 1399 8933 8447 4020 5871 5142 7761 9385
1599 4476 289 2818 7967 29 8239 6164 772 3744 9404 3761 4609 3148 515 3489 4763 5803 346 6022 3232 8 5716 5380 9446 9111 3981 2702 4295 6425 4061 6850 9758 7990 9366 5742 6614 6675 8180 6255
5825 6419 9951 9652 3763 1473 4131 676 5087 6703 3012 3292 3198 4356 860 258 9556 498 7847 1960 2018 4682 1335 4048 5834 5338 2827 1254 6452 9115 250 750 5322 5070 9188 8091 6230 4320 9664 3174
