70
7700 6999 568 2345 9903 3184 8201 3930 1743 1132 2087 4503 8595 701 6245 3296 3359 2847 9852 8702 9852 1328 6982 5217 9954 2396 472 4552 3222 4095 5408 2507 5862 198 7773 2263 1872 9732 4107 1050 5510 5032 5542 9255 2433 5138 9978 6902 3257 5164 9455 6491 9085 6625 8337 2069 6371 8456 3228 1804 5571 7175 4096 2428 4535 8303 4908 5823 4184 1148
1874 279 7407 1761 8308 96 5241 6004 3132 221 1418 9085 303 8034 3007 97 1770 4506 3922 3242 2505 3712 8793 4854 109 8760 3352 7452 8030 3440 611 6893 9010 5305 1248 1398 1222 8689 9855 8348 4678 2076 6669 5334 5391 2745 6339 3792 4202 4646 9156 5049 5784 9312 5296 1097 8756 3630 1553 7680 9759 2981 8268 7462 5744 7337 727 6485 6687 2637
1674 3589 546 5233 9426 8975 2033 4974 2927 1159 6225 6137 6119 6349 347 1281 5427 2540 724 10 1024 9244 5150 6215 6958 3477 933 9537 4837 6176 3564 2584 8875 9365 3730 2202 7660 2583 4422 4996 1822 5990 8521 8504 2920 4700 1859 7963 6742 1544 7287 4014 3010 3930 3809 9164 2505 7378 7962 1505 4679 904 6252 2514 1580 7931 3306 4133 457 4270
9459 7572 9609 8947 9410 8189 5532 2258 8081 4744 1195 6601 8813 3525 8507 2306 5118 7567 7487 130 8379 2877 8251 8241 3886 8967 7942 8289 1252 7416 2355 1329 8833 4660 1210 5300 2345 6923 6367 6352 1295 9237 296 309 4087 558 6558 4037 1555 4706 5463 6707 1477 4502 3524 606 1215 2916 8811 4807 7023 2149 9643 2489 1392 1621 6727 2420 625 6006
970 8374 8237 7554 271 8886 7568 2614 5590 3948 9275 7870 5105 3960 2730 9957 3370 8959 3201 5539 519 2275 8070 647 8239 3511 7495 819 9104 3355 2011 7033 7253 156 2556 9030 5538 9773 8680 1006 9869 7466 998 4165 4891 4480 6438 5597 6818 9706 9257 9700 1093 7710 9073 8843 607 1626 7644 4425 4555 8183 8113 4043 8233 5778 4978 8766 3324 4650
5965 5043 9428 7525 8979 6668 8681 7063 6763 4962 6620 6230 6543 6548 6705 114 1873 16 9065 8305 9731 9525 8505 5689 8113 907 451 4678 3906 5069 203 7214 907 5273 9288 1719 2738 2616 2386 6172 6436 7410 4016 9039 7571 4003 6858 4658 9863 8895 4704 5114 5593 6335 8375 4288 9940 7881 1783 4964 63 4769 8006 3687 5046 2338 2956 2252 1137 3605
4198 6549 6329 6205 8508 891 4517 2348 3531 2353 9995 9972 9916 5732 465 6724 2660 9185 1928 1768 2814 3180 9988 2799 5909 408 4597 2726 6441 5738 3129 8743 6062 8106 911 5406 2245 6077 8485 4672 9158 8709 8216 5040 6884 8790 9675 2570 5622 9847 7628 2496 2144 827 3127 5405 481 7635 4564 5416 2715 1241 9498 900 2747 826 8137 3944 9933 1969
3235 235 8721 5911 8248 5452 4735 2960 6897 3763 6665 9999 9511 9080 2677 2763 7346 9926 5297 4992 3125 2449 8152 8998 2581 1447 6179 5693 165 5200 9492 5481 169 201 3472 1020 9860 5611 8261 7885 2052 4813 7504 4921 4718 4574 3126 4414 641 9556 8734 6651 2895 1605 9651 3991 6040 4603 4204 4776 7511 1965 2390 2902 6853 9971 6156 9334 3207 6612
1938 9928 5374 4551 9170 7655 6665 376 1330 9809 9787 440 8342 1641 9705 8419 5737 3377 8172 3382 2369 2190 1597 6930 3552 7093 2143 2609 7179 9529 9840 2837 9245 2937 6597 177 9075 580 1462 6940 7679 9960 1556 7446 7039 563 2394 5839 5330 251 5348 8157 8860 381 3676 8233 9304 3903 2517 6602 8782 3820 8789 2927 9098 4601 3165 206 498 3480
9023 9758 7824 1707 1335 5501 7116 7255 2289 4740 4091 6892 2025 8791 3309 8460 513 6960 9665 5716 2457 6172 3003 6782 4366 5726 4620 942 4989 8257 8795 8015 7791 4185 9334 2985 3965 9127 2792 8357 5710 8350 805 5365 3440 5376 3910 4814 9828 8545 2876 5502 6373 1401 4944 1999 2996 5987 3124 4338 7659 3987 3948 6465 549 9407 9111 4963 5071 6544
7042 9646 2071 7105 9935 5173 2850 7416 8728 8195 3043 8501 5516 2262 4778 608 2870 1693 1376 9747 2731 5857 4522 709 437 4035 940 154 4227 2691 8953 1994 7176 2000 991 749 7580 9089 4751 574 9324 7533 5526 6737 7772 6633 805 9287 8225 4740 6406 5495 8260 9216 9407 7469 1953 3719 5179 6982 6999 6425 9325 3672 6908 4517 1013 5143 9647 7639
6844 6460 8286 2784 6671 2886 710 879 3534 9092 1234 1316 41 9526 2372 7096 4271 9973 8058 3593 2676 8921 8872 5388 7324 2986 1763 1061 8698 2475 3334 9499 9406 6739 2731 7203 1523 7511 4438 9421 6863 3229 1364 5910 7559 4944 5245 4920 303 7167 1464 6746 6651 7214 2912 4088 138 5645 3942 478 9256 5942 7726 94 8825 3972 5920 4228 8461 172
9649 534 6003 3049 1095 4345 1563 8560 4638 5939 8490 3995 13 28 8510 5082 2028 1135 320 1811 5950 9064 5119 4080 8301 2402 9967 4165 1963 5510 1501 5932 3792 7958 7504 9885 1704 6773 5843 8463 5214 9846 8390 9999 386 1978 5863 5626 4732 6346 2568 7825 3928 5356 2546 7128 4007 1673 8197 5953 4710 470 1968 9490 1567 730 3883 7869 540 6074
5935 7331 241 9327 2128 7415 360 4700 4527 1980 7147 4337 5234 5838 6780 8955 8357 817 518 5866 4898 8288 6220 9603 1733 1059 6897 2505 8998 8151 2948 1745 8704 6101 1272 9932 5353 9673 4699 6590 9953 7885 5519 9600 1949 3840 6373 9255 253 9599 2595 6457 6131 6489 2808 4857 178 2182 1821 4132 7965 6727 2476 3183 9291 4065 7895 446 1593 2361
4822 4257 7087 825 2011 2371 1083 3032 8132 3696 8870 4317 8543 3686 7249 5253 4993 8678 5677 7360 7471 3119 3893 1958 5277 5429 8418 7716 3614 281 2037 5767 8020 5597 6986 3019 6900 638 241 6351 5155 7171 5614 9668 6287 3149 3613 8015 2171 9457 4729 1196 6524 4938 5498 6909 5794 7539 507 5009 5545 5222 9269 742 7044 13 7483 4318 2095 6526
1011 3239 4205 2572 5287 9859 6348 4148 6887 1517 4345 2027 1244 274 4053 408 4673 4109 9104 1506 995 9211 7647 8428 7500 2236 9574 183 5194 7040 5443 7585 8005 3946 8855 3739 1931 7656 2993 1336 6638 9723 7049 2447 3934 6587 7696 2713 996 8781 9053 1938 3155 2689 2724 5048 5884 2225 1572 4419 9103 7504 8549 2210 1384 3966 651 7458 1624 7651
1927 5181 8220 2275 8010 4646 6105 7657 5845 3177 464 3 3772 4799 6496 1387 7773 3713 3213 7571 4260 8346 1038 4359 1916 4166 3674 9935 759 3828 9793 9366 3299 2637 653 2689 34 8315 8817 19 1624 1964 4719 6680 6337 4438 4507 5908 2428 7527 9039 8197 1962 7159 4090 202 468 8192 4268 8860 9290 396 4305 3840 3020 7228 591 8572 9309 7356
291 5273 4328 3215 8569 6213 8599 4328 1706 7673 5881 444 9646 4815 1350 7306 6163 3067 6136 6000 8911 6929 3331 9782 2134 9478 375 8890 2275 3117 2685 9311 6792 1349 1135 4860 8530 8666 6013 6061 6426 1929 3957 9091 1026 2650 5595 1010 2202 7228 487 2807 1972 2491 2492 7184 7957 6290 7662 5658 263 9505 4064 5558 1203 6437 1145 2663 548 7285
9692 704 8373 7842 5882 9637 1747 853 6625 753 2903 3437 1427 7641 977 764 7294 9739 8600 1379 447 1546 6521 3934 3585 4575 8214 9070 1479 8710 1653 696 1129 8112 6112 516 8795 3935 6532 4430 7197 676 8606 9035 9133 2104 6262 3845 6849 3716 1780 9991 5346 6356 1956 125 7174 7512 2515 47 9228 9405 120 7130 1933 7903 8396 8901 6535 1544
9522 3946 6342 2090 9502 8607 6370 8777 9489 2065 481 4315 3702 8538 3915 3829 9065 2587 4574 7410 1067 6725 4653 7640 8648 8886 9623 7939 4862 935 3219 9428 3674 499 7383 9901 560 7929 856 4313 5112 7214 9157 3848 821 922 5847 4670 3327 2683 3931 4628 8494 9719 5084 2659 1168 3590 8682 7545 7820 979 5016 7615 9608 4996 5926 365 5996 1159
1542 80 1519 9058 4009 9352 2844 7550 3274 6643 620 6475 6274 5174 582 7529 5810 997 9975 8004 331 3710 6388 4491 5528 8600 8171 3466 5013 5176 8217 8379 6677 5188 4048 9062 1370 4383 5279 2130 40 7731 2842 2135 651 483 9038 6228 9697 6071 2161 9351 1919 2255 9745 3976 651 7081 4463 507 5565 740 6416 4292 2069 4220 4230 594 9314 9134
9710 9873 2786 651 5455 1016 8234 7939 7946 3559 6289 1927 6707 3230 3142 8977 3515 183 6813 3971 2226 1713 4145 9296 9163 1845 5680 6587 375 2792 9132 2920 681 704 3468 9409 7231 41 7885 5690 6838 8402 2156 8997 3835 3561 3082 4922 6292 8108 8318 3868 6719 2947 4469 5644 5108 3197 7612 4850 2004 5312 2275 9762 8284 5727 3879 3958 2509 6312
9771 2419 2484 7097 8657 3744 6803 7154 9143 6261 2673 5633 3869 5802 6039 6591 3855 1130 957 7655 3346 998 7856 7202 7203 4673 1856 7910 3023 4176 411 5983 1665 9225 5766 3810 3228 5386 7711 5771 5325 9821 4825 7529 7405 5772 9539 1503 4322 9524 1339 7676 1786 6754 4313 9111 1110 9321 9677 2983 9352 183 7400 3798 26 7222 9878 8711 4051 56
4930 8276 1822 3863 2698 8614 6527 4911 945 9324 4920 7170 3870 5655 2647 9497 211 7173 3494 7025 9334 657 1418 3724 450 3527 1774 4658 5692 891 176 4569 9878 6508 2179 8164 4276 7812 6019 6318 443 8142 8118 9858 7051 2534 7807 8716 5073 8619 5378 7093 6027 7944 6479 5296 6044 1139 7293 9797 4792 5142 6961 6022 9812 8182 1325 5262 8892 9402
6685 2646 7202 8317 1975 9991 3914 9210 9448 4921 1211 1790 7119 3998 8883 2520 4622 2256 4785 3197 2976 6959 3101 3931 7794 2008 8020 9931 7897 5378 4764 5759 8383 3784 8489 4917 7085 7643 4994 8223 8849 9335 4667 5867 7190 2630 2233 7745 1285 9970 6870 6620 5275 8768 2500 3467 5689 8231 1335 6520 6426 7219 2455 6583 4639 6953 2780 7636 4325 6283
3293 7592 9624 5180 5228 904 4866 5504 1879 977 4195 4481 7642 5249 7977 5299 7304 8489 4472 655 2075 7084 6397 2724 9965 1568 8712 7707 7110 219 2630 7547 5736 179 1771 4659 8495 6105 8520 2954 1793 2475 928 627 2534 9774 1069 321 3721 9636 5394 7215 3765 3033 3257 4440 5771 9378 9042 4140 2118 7323 4475 6537 8193 6495 4673 7621 8086 4839
2170 4351 9152 27 3142 4021 2403 4565 5118 558 4022 6767 1072 226 7330 8687 9649 9848 1761 2794 5996 9446 8228 4501 9423 7681 9394 3837 734 6082 3845 8819 287 3743 1478 2774 1732 7739 8059 4310 981 4394 9273 435 8940 8553 4862 5382 8607 5078 9816 6345 3056 85 3790 7855 2971 4243 8013 5384 6905 2004 8563 1852 8234 4976 7720 3912 7750 1027
910 3481 5889 3582 2403 1508 8746 6298 7115 1889 8704 7702 9020 6108 9065 3544 1812 9883 9895 6882 1497 9222 5883 3816 7749 1113 6007 6213 59 662 4276 5208 2359 8805 9049 3681 5473 9431 1518 1471 4537 4676 9901 5193 6246 9552 5424 1102 8087 2224 5106 5829 6780 1421 5546 5423 4314 4395 8159 8434 6522 5353 1546 2825 806 9907 6835 8916 7449 8863
3178 7750 2087 5617 5927 8832 5813 2552 6203 8353 5571 3035 4978 8325 3593 4709 762 8454 2325 4171 8568 5424 8569 5675 9906 7857 8114 4559 6280 4444 8942 5452 6193 5444 2413 3809 2714 2220 586 4148 2705 51 6755 9253 5304 6461 3377 2219 7406 6046 270 7977 2137 5145 6098 2005 3388 1115 8476 5778 6588 9747 8495 4425 2547 5663 5936 7029 8701 5521
7808 1588 5577 1403 2146 2220 9375 4102 5905 5954 6240 9464 436 8905 6968 3367 9775 7270 9175 5524 1006 7109 3144 3590 2979 464 5703 2836 2852 4247 14 1785 4598 6789 8874 8479 6401 7433 629 3756 4875 1055 930 3494 4085 8880 5368 9375 7341 895 3297 2236 3119 1694 5135 5707 7158 71 6312 4766 3549 6473 1202 8888 5170 3009 8517 9117 2086 7747
2743 7008 2092 6180 9618 3801 6844 8623 3663 7717 3926 1635 8561 8615 4750 5234 7782 5702 3952 5141 1774 2514 3743 8017 9863 2514 8178 1455 6423 1697 5075 6837 3368 5877 6207 1289 2340 6556 5309 9190 743 8134 9735 714 1006 7844 2939 3720 3431 819 1861 3640 5393 2990 526 4926 3227 2951 4685 359 6577 7238 8674 3729 6170 4543 3880 5147 50 8025
3074 6690 5248 9657 6997 3997 2025 2632 6343 9400 7183 5660 3755 3833 4675 389 8458 1408 5004 7627 793 8464 2600 1137 840 9933 1227 9198 4469 2693 7109 4912 5085 5121 675 4493 7164 313 8553 3654 1584 9737 7195 413 3973 3054 9167 6468 7124 8972 5359 8615 7966 4549 9720 9494 4813 7973 6813 4946 1901 2499 7789 8640 3154 4671 1010 3465 8164 9307
7174 4414 7252 7803 5842 7558 8376 6338 5681 9154 8650 80 7484 5977 9485 1426 4277 1792 495 3048 5495 1128 3461 5615 827 218 8717 1610 6942 7989 3674 4908 7455 4853 9826 5942 6693 2842 1021 2589 6487 4762 4303 7329 4353 5731 5961 3527 1878 4489 6025 5374 5683 9151 7163 5797 3009 9971 8434 5137 3161 218 9664 5956 4773 7088 2758 2596 9977 3381
784 9600 9637 9553 9603 1753 3674 6631 2453 1847 7300 6945 1225 2095 8118 1179 1139 8881 5130 7086 6086 7535 578 9719 5953 1627 5816 4845 615 6858 6774 3237 4786 7310 7102 6454 612 1165 529 8301 285 278 4306 5715 8006 6213 4490 3254 828 9316 7240 2975 7967 7053 4510 8679 8790 7103 3997 8692 2559 2531 9903 6060 8072 7707 7507 4106 4580 409
1182 2627 9950 6075 1948 5043 4008 4804 6557 7666 1135 9805 2147 836 2686 2975 1192 5075 2040 5503 4429 3909 4930 692 3581 9998 132 9738 2072 2136 6434 1637 8092 6391 6950 5928 9148 6935 2481 6424 1078 593 3776 6716 7690 9060 7719 1886 1681 7463 5771 656 6580 4153 7771 3646 1080 2419 4408 5103 8673 6729 9100 5263 5184 3150 313 7821 4923 7665
2901 3675 973 5785 4450 9800 7747 4762 137 5361 5189 1658 6069 5088 7727 2110 6979 457 2318 9368 7492 3668 2857 13 5812 9752 1561 8984 2569 9933 5986 183 404 2030 9755 9880 6765 7968 7281 3586 2741 4505 3960 5969 6000 1625 8966 5677 8795 2845 6407 2077 7122 6084 9292 1989 6824 403 8911 9491 8847 5831 3120 5661 9251 1106 9987 8318 353 357
6579 9556 934 6019 6033 3816 2487 3735 2697 9403 3997 2024 9291 7617 2733 4497 5569 8410 6196 8621 2768 6885 4810 3141 9518 6133 8436 7447 3620 5517 2718 6697 9815 2367 7477 995 5675 98 9701 1240 2307 7426 3292 205 8066 4036 4284 9585 6983 2147 6062 1078 1918 6101 1155 1384 2823 5293 8978 3456 1413 1095 8245 2085 6572 1627 4079 4365 3887 2921
3478 4974 7907 4194 6587 395 5580 7223 4862 9329 5332 9028 3354 8578 8417 6872 3511 381 1573 5611 2030 4480 8005 2705 3525 4143 3706 3323 2558 8227 486 7133 5833 5734 5145 8996 113 9094 8672 2788 6166 3249 4058 4050 8527 3472 7839 9011 4734 5729 8215 8418 6267 9824 6040 1675 7486 7535 6916 1938 1764 7282 2296 8598 5135 8462 3322 9845 5724 4765
1726 7874 1228 2098 1984 3398 2358 1319 4981 7377 3257 9821 4581 3414 9433 5647 5955 2838 3945 395 6493 9598 910 6922 5072 3515 4217 6878 4885 9937 4602 9477 3986 1827 2999 1769 558 1248 5146 663 277 4245 5396 8118 7125 6689 3349 9275 1472 413 5162 2546 6316 3211 1314 3547 3706 6894 7270 556 6840 192 2734 6698 9244 6 3990 7704 5553 1716
3193 6789 131 4292 1854 5859 2425 7112 3718 9940 1948 6614 2345 4257 810 504 969 6233 3767 7741 2748 6965 1505 2723 159 316 2710 3277 9953 2189 5185 1055 8002 2311 9428 8113 2673 811 9273 6242 7381 7185 9217 5244 6239 4415 6475 31 6285 2053 4008 7380 9350 9796 8673 4307 6013 4330 1893 8958 6504 5532 7782 1682 1176 253 793 657 1743 6305
7960 5743 9173 2624 8655 9030 855 8208 5091 2897 9781 9183 2231 8332 6873 5524 2599 9011 3376 5065 7755 1351 1861 2112 2238 3045 9041 9113 2603 8473 8598 9154 2733 9526 6997 9840 7248 6337 6113 3557 6862 5105 5271 2344 6303 6684 1933 3745 8616 4243 9093 4679 6546 4664 9089 7667 9150 484 5026 1382 7788 3919 554 9012 4366 4117 4327 5824 3265 7639
6702 6228 1284 5089 8881 3981 4464 2975 8046 8390 8007 3702 7929 1893 7094 9328 1214 2121 4500 7022 5376 5521 7948 9857 6559 5963 2307 3548 3852 5806 4773 1787 7304 3203 9974 2124 8905 2359 1566 6985 8685 6811 6245 4044 4262 2249 386 4553 6119 889 6296 4741 9251 9529 6544 6233 6532 9536 161 2431 8873 4164 308 4119 6768 3146 2975 4292 1677 2842
6221 1041 1190 3950 3163 6449 2970 2514 1936 9534 2981 8027 5494 1010 8 9025 1660 3566 1088 9611 6494 3621 7535 2005 3177 6531 7929 4717 9287 8621 2454 2629 7352 1432 6956 381 3601 7564 5637 6366 9536 6401 6149 1029 8899 9812 9470 8503 4490 310 9805 809 4948 9748 2903 2908 1190 5012 5983 3117 3839 5070 1919 1186 1802 1988 4489 5833 1778 146
8077 9651 4352 1312 4380 7248 6711 8172 1680 3781 3272 7869 106 4176 3484 5586 8931 3378 2378 1714 3433 7824 7113 913 8105 6472 9439 7090 5814 7294 9308 1820 1726 9617 6679 5809 6161 2578 524 9892 5265 2399 6546 6613 8354 1117 4171 2447 4248 1706 1277 9807 4164 7515 5453 5612 4508 3279 2702 2298 6041 7879 432 1611 1721 6523 5340 4120 5553 1887
9930 6613 7501 9502 1479 1711 2614 4454 4131 4519 9593 2428 4647 7479 2379 1907 8848 2503 3818 7797 3827 1940 988 1554 3432 8795 281 5680 9737 4866 9355 3241 6674 6360 9871 5499 3763 7942 7903 598 2466 6800 5388 2848 7067 2995 1870 1764 4718 5015 3064 2792 8021 2363 9016 6346 9312 4013 2450 6103 4857 2372 5724 9267 3480 6037 6325 2667 8116 8660
6099 9136 7708 8461 9978 5925 2191 5001 4810 6141 1727 5066 6718 3886 7970 8625 115 4236 855 2741 8922 3270 5201 1130 338 549 345 8312 1557 6515 9618 9485 4042 992 246 4156 6416 7742 2868 9637 4965 1793 3099 9166 8356 9106 6882 8784 3023 1891 5773 8857 2351 8940 6809 8512 5488 7934 4783 4021 5643 2872 4645 1149 9172 5957 432 5223 4903 9166
2720 9764 4690 4933 4313 9081 3383 4026 2667 4574 5727 5752 7605 2430 8222 2597 4698 4590 7727 7674 3601 7345 2964 811 5826 6315 7433 8385 3306 3712 474 8848 7992 8862 9159 7372 8394 3008 9237 9030 2960 273 5624 9292 669 7145 6709 1533 1645 512 1128 1328 5513 3022 6929 3166 6517 4341 9655 6997 7576 824 4597 4079 1737 10000 2069 2075 4453 4372
1415 5680 1185 8235 2070 5361 5523 4125 5934 6996 3890 4160 722 6142 418 3698 6835 9325 665 5079 2347 7405 6371 6111 5660 1072 2613 569 9724 5994 1108 2246 6786 6514 9781 8521 8654 5170 2777 8248 2981 94 2277 129 2428 8342 7923 1234 8282 3069 4859 8282 181 5872 9708 9730 7206 1309 186 8723 8923 9425 62 5958 9988 7278 9474 5362 7819 2023
2719 8530 2929 5871 4425 2791 1695 2754 9790 3392 3342 8944 4063 1041 3710 1610 3401 6240 8910 971 4112 4401 130 4125 6068 998 337 6243 7913 9448 9490 5585 4021 9301 5674 9903 2001 3463 6399 2240 2303 1399 1026 2326 8442 4876 5853 4905 8840 9082 1859 3437 8467 4898 5564 3468 5301 1379 5867 2303 9924 9413 7857 3880 2617 1485 7686 7413 9063 1342
2281 805 5640 7658 7472 2678 6032 246 7157 3582 1638 554 9651 2748 6656 6608 1969 2131 1765 3907 4690 2186 8816 7687 2233 3407 6014 4378 1046 897 1338 12 4672 1875 6079 1867 2065 2897 1494 492 5753 1124 158 3991 564 7150 2444 8655 8370 7380 6761 7474 1050 8196 4916 5382 4068 416 5502 341 3343 6239 4426 4792 1284 9519 6882 1472 4009 6273
9789 7579 9070 9977 8967 4242 2501 4956 5622 3338 8743 2396 1372 136 3737 185 1941 9578 4036 8120 3640 5939 7299 376 2667 1396 7517 1198 7466 9967 4803 6800 5140 4550 7724 844 4299 2310 4092 3232 1444 2407 2594 6742 6722 9458 5417 3181 4290 2103 4922 2865 6735 1925 401 9827 5223 6512 4780 3717 5716 5022 1719 7700 5124 7736 4005 167 5278 9427
1017 4975 3710 4535 1535 3069 291 9210 83 3047 2118 2884 9040 6876 4765 7303 896 3868 5491 3826 9225 3425 1014 7993 2443 748 1369 5177 5171 3279 3183 4585 2207 2304 3413 1386 4451 1027 5278 9174 4438 3072 4273 1513 7181 1713 8705 9524 1279 3305 1796 3143 2077 9442 4935 381 8066 5533 1320 1580 3562 9103 6111 9785 5286 9207 8117 3897 4227 2202
7236 1712 1270 6586 8201 2165 4294 5761 3313 6499 3697 383 4279 3463 6294 5794 5892 5374 302 7666 4897 1449 7963 6360 5052 7920 4942 2181 4512 9048 7117 6175 222 5310 8689 4223 2833 7321 780 8076 2704 8515 5237 9113 9713 6048 208 9033 5007 7772 3089 8099 5562 9108 886 6904 6427 8660 6210 87 9334 3007 1170 5284 3494 9693 4629 5867 3306 1640
6740 1887 4068 868 6990 8808 89 6415 3138 1366 4730 1973 8313 799 2866 5825 5866 9499 1171 5681 903 5714 9497 6135 2349 7287 3547 2974 3534 4285 3509 2108 7739 6977 6215 9220 9906 2337 6379 8904 3734 3914 6416 34 4434 5519 7476 1552 1169 8780 6965 8297 716 5827 2979 2975 5751 6627 1872 6154 9386 594 212 3341 545 1429 6762 7040 9821 488
7103 2003 9954 4530 1584 2443 9307 6243 1594 3878 4524 6709 8527 2047 254 5916 4639 4417 7262 984 761 4575 2969 5476 3009 1928 1998 6677 6950 5746 6314 5469 4368 5861 5882 9706 708 8674 5194 2980 1216 5256 693 2519 6012 6793 1820 4329 7351 9762 9608 6970 9097 9088 9439 954 4422 609 4641 3556 4558 7408 8499 7927 7290 1650 6941 9449 6491 5295
3836 3465 9846 5306 4480 88 4756 1396 5250 6987 8270 6676 3860 4996 9226 1860 4097 1899 9517 7776 5159 7279 9960 5089 3374 2757 5862 787 9184 2364 6490 8978 6453 471 6224 8785 6190 4227 6429 9711 4548 2359 7306 8948 9392 638 4532 7137 9201 6594 7868 6861 5694 4572 4294 3903 511 9492 6178 3735 7728 8974 1051 4985 291 5173 7746 6300 7585 7920
7926 7883 1730 2526 4926 9116 1169 9881 2718 1761 2495 8192 6855 6568 5669 2418 8013 9072 7967 2531 4744 4925 4060 4761 2395 6592 9837 633 9985 9175 3177 9104 5251 2757 8632 3489 7445 6691 2583 8031 8817 5449 6630 7706 2365 9632 5468 7550 4882 32 87 4340 6910 9425 9100 3362 8313 4758 1875 176 8685 7889 9231 7081 9262 6268 4565 6786 3598 1303
1594 5114 3871 1940 5825 8082 7272 6528 5833 9951 2263 3363 2826 1644 9778 9442 7655 2271 1557 6561 6798 1770 9838 2445 7557 1469 6613 4095 2553 7025 8777 1642 2054 7494 4362 1177 6799 3873 5140 1238 1349 8972 8223 5828 6953 1873 8185 3786 7969 9269 4371 9374 2304 4054 117 3344 2576 9412 5034 6228 7681 6004 9628 6023 2177 6553 8979 882 5369 1255
4987 688 5097 4754 1064 8455 2623 2039 3392 8223 1032 2198 1615 6395 8852 6727 3892 7712 9974 9290 8940 8687 7585 4429 5059 3625 3923 6582 3699 5370 2582 4265 3488 1318 7444 1089 886 3675 8680 6974 4745 363 4347 327 5471 624 62 184 3848 5088 3744 90 3465 4526 9792 2213 2781 1453 4657 5568 6384 6789 2839 7316 3733 8937 5016 4848 4295 4607
224 317 4179 5922 6177 8498 1154 3511 2792 3325 1519 5593 6014 6955 9134 9400 3175 8288 1742 4006 1922 4568 3913 6483 3069 4754 8169 4782 9211 1747 1441 3950 8203 2502 9605 5710 1842 8137 3976 7362 8235 4892 4015 4448 1824 5922 9967 6744 5320 3377 3108 8087 1878 8434 1162 4996 5853 9741 6270 7536 9447 9481 4317 9308 6449 2240 9066 6988 3449 4818
9420 1604 5709 1828 3490 198 1897 2665 9353 7744 9808 2724 5835 6728 6817 3410 9239 1305 1618 7470 4150 6013 7496 5871 5598 4556 9317 2912 5250 2435 7428 7604 5052 6281 9528 4041 3931 4532 7417 3098 1826 6915 2890 9772 1180 8982 5190 738 8338 9772 6983 7157 1996 7695 9723 9864 1911 4068 8947 8506 9036 1265 1315 5684 128 6824 6472 3026 6024 8686
6232 6722 4928 6326 4203 1403 2326 4591 1767 4254 5388 9253 7129 2376 3738 255 2892 975 363 2690 3899 9560 1300 7456 2891 1765 6530 7089 3974 6854 9932 3041 4001 1753 7865 1815 2080 2085 9477 7408 1462 1869 4693 6937 5122 4765 4277 5096 5073 34 4995 246 5567 7856 5378 7261 368 7173 4596 4276 3973 4661 8427 4429 693 540 426 699 6251 3169
1457 1706 7018 8944 1074 2461 3859 1625 5888 7032 1091 8535 6757 7110 8750 8563 403 9854 5992 6061 2273 5707 6029 5415 2551 6798 4850 765 2937 6962 1016 2608 3519 5188 4841 2746 8461 7878 7550 380 2348 5997 9454 488 1133 7952 4869 6493 196 158 8681 2238 8418 9338 6878 5658 4923 4433 9047 2278 3439 8321 1244 3881 4625 6172 9897 1583 2963 2229
5621 6533 7204 2905 5546 6010 1266 455 3843 6145 4534 3779 2858 4794 8695 9744 8894 4764 2547 4045 6835 5388 6160 6164 3254 5079 3838 2796 9370 8746 5795 7918 373 8734 3230 4236 3910 3436 9224 8019 9576 446 6163 7698 6244 9717 5393 4938 3158 4829 347 6658 3009 3625 6427 499 6107 9446 975 6612 4503 6648 6386 9590 3835 6583 5012 1930 3335 4570
6145 2362 9020 5807 3901 6225 7495 9094 9958 5116 1446 3225 5425 3248 7447 364 4427 3299 8424 539 6821 903 1196 5320 1445 7487 1292 3001 8745 6975 3805 8910 311 4568 7620 3832 7489 455 2350 1037 9203 5590 8359 3419 2228 5791 7284 2347 9454 7804 2952 2054 7826 5155 8227 6711 6216 5990 3905 1887 7847 1915 5794 4980 4519 4972 2090 8979 2745 9460
6289 5808 7159 5120 8054 5612 3696 5664 590 5524 9706 6858 412 1772 9378 9740 8919 5507 5096 2162 4803 6023 2 5875 2103 6083 3699 5644 4260 5403 3733 3600 9673 2489 29 8222 6782 5072 4534 7794 1643 3555 7441 1690 8046 6588 3549 8946 6071 5111 6307 6721 7602 448 9095 7023 30 85 7047 5503 2454 9565 8887 3538 3651 8906 629 7612 2642 9987
3934 13 6352 169 6523 8909 511 7350 6562 7178 6451 669 9104 2013 5119 6168 4507 6593 5983 6478 5175 7216 7917 978 8477 6831 7345 484 2651 4297 9320 531 8466 7307 3349 9114 4147 6555 2212 3268 9048 9042 9554 65 9190 3921 5945 7645 774 1787 9650 4365 6956 9451 2971 4472 1256 6493 3821 585 2857 8372 4250 2860 1754 5063 2882 8890 1379 8383
3736 1427 3738 7390 9253 1533 337 5624 5806 2424 9385 3990 5610 835 8122 6427 8832 7986 5836 3257 8676 4295 606 1930 2807 7495 6632 4797 914 8364 8955 508 5031 8636 6826 6133 9941 2052 957 312 2214 1435 6087 2631 3923 1632 5629 2141 7878 9656 682 5835 7998 3028 4244 7604 218 4038 9982 123 1682 7918 6358 3092 7892 2855 6139 8291 147 48
4737 1825 551 3447 7938 3425 6457 9264 6397 6542 8590 7938 6513 73 362 1865 4778 7948 2773 5763 9338 1065 3052 34 5010 6662 3434 4562 9574 8125 7179 4188 1183 7416 8166 34 5785 6154 1337 7280 22 9402 1431 8937 5449 2141 7874 2626 1050 676 3601 4773 6708 3801 2414 9505 3996 8425 8877 2763 9897 3731 5880 2576 6310 2041 9042 9335 9961 4994
121 441 5437 3514 1690 4410 4785 500 8228 5665 5021 7546 491 6368 6349 8836 3798 8148 9399 3748 1848 8413 3396 8849 9599 1202 6211 8188 1490 6605 5552 4792 5289 559 6449 3191 2915 6696 6685 4240 3395 1093 110 8446 3221 6879 4864 9069 7051 256 1179 5572 4189 9884 4688 3873 7051 5094 687 1317 7662 525 8641 1970 6401 2702 3565 9209 7020 4206
5427 6626 412 1838 2212 5152 7305 3062 1729 3541 8351 8873 4831 4579 6673 9250 4646 7434 7036 9767 9061 9251 5063 3534 3043 5543 4247 8381 8394 5302 5715 1501 236 1910 2975 2205 118 8219 3769 9190 8903 6603 4536 9624 6529 66 8600 4697 7089 4482 3083 6268 2779 9048 2258 8224 9517 7188 7145 7904 1487 185 1049 9577 4451 6117 8352 5044 6221 4041
5131 4333 9316 6555 3958 1419 6742 7192 181 911 8969 7571 6289 1120 298 3056 6459 3150 5813 2255 5393 1512 6423 6324 1485 5415 9557 2780 3002 118 6674 7528 5046 857 2933 873 8406 1740 5197 4467 2040 5290 8724 6274 7666 5271 3195 1534 6223 8000 2844 4815 5229 5315 2831 8783 6982 3083 2994 8558 8294 7437 4366 2820 37 394 7989 4755 2235 7243
5777 3014 8371 5525 1465 9575 4675 6973 830 847 2538 8488 8539 2931 9335 9200 4881 949 3596 4205 6133 5761 4745 4858 9759 4429 7645 5627 2431 6135 1306 9491 4261 2811 7901 9401 687 2036 5622 4734 7068 8174 2579 998 8386 3364 9416 7488 3706 6946 452 5855 6991 3374 9920 5612 7824 3111 6207 6823 1270 2465 194 6787 7419 7761 9888 5748 6118 4236
4931 6503 8922 1309 3289 4483 1437 4413 637 7985 5326 7046 2780 3956 6612 9741 5129 4995 1264 1719 4974 4385 3526 5222 9959 6455 6846 3329 4472 9895 5536 6053 7815 9219 8685 4963 2914 8805 6888 1652 6905 9414 9538 85 8598 2812 3184 2611 3962 2131 4994 5899 6720 1149 1589 5633 2468 6030 3241 4734 4465 6042 5628 8519 7595 2190 877 2265 649 2997
2125 1310 4293 5321 2248 3238 5638 1418 2635 7373 620 4158 6861 2589 9265 1852 7069 8763 2460 2847 4035 7652 1697 8860 964 3685 8723 4541 2588 5833 5289 4310 5541 7911 9917 4222 3066 6691 1919 8623 4157 3151 2979 1226 5241 1566 2011 5803 7772 3236 9094 3376 2543 9749 1210 6840 9010 3600 3381 5080 5767 4902 9680 9497 4937 5848 6200 9097 7963 7776
2715 1806 7767 6534 7503 3218 7008 9516 3 7518 7144 7966 9106 994 1781 7865 2506 4478 1844 7625 3628 1624 1142 2847 2026 2262 3563 7187 1604 4679 7865 7187 4134 839 9384 6230 4201 3860 1023 1375 1081 4233 8196 9765 7481 1580 2782 2751 7168 4152 7610 7787 6537 1435 6107 7810 1507 7513 3219 1070 6371 6413 2930 1833 8944 9141 2022 5984 5766 3545
8375 612 9479 6457 4656 9776 6190 5091 2031 873 6702 3264 580 4635 2120 4034 3774 7280 8334 2935 1417 4325 7910 7232 5521 9009 8796 4691 8420 4221 7280 1662 1258 1148 1395 2349 9200 4747 6781 9151 6629 1530 5213 6906 5696 7891 9667 6491 2663 6403 2175 1214 4256 5965 8607 5377 5784 1319 4001 8362 8472 937 9035 5862 5124 7890 3961 5523 3188 4596
8080 8570 3587 8149 2405 8031 6922 85 5360 5739 7764 5953 1819 5535 4105 1519 5836 89 7009 7889 3910 2733 8102 5545 2081 1091 9686 3816 8443 8394 6937 5901 7866 7115 6086 2276 4667 5055 3831 8151 2310 1890 9596 5107 7676 4655 9156 8700 1207 7680 975 9759 1995 6365 5460 4631 9907 592 2671 5908 5043 8115 5816 8302 1432 3620 1461 17 2482 741
1925 7985 2169 5798 5564 8958 2888 2504 6640 3165 8908 3531 6123 7698 670 7402 9095 6479 7337 9523 5062 8362 3394 4230 7733 6064 2373 9101 3628 6804 1523 5485 2496 1869 2640 6690 3559 5175 485 4920 9227 5473 1241 7378 5565 9952 3322 197 617 5841 4529 8541 55 1939 3325 6881 4788 4238 3534 4443 3446 2094 7925 7629 5582 4235 1372 6390 6890 2000
1854 8291 9123 1866 3160 47 2348 7391 3169 5420 1256 6374 5960 6092 1971 7319 6952 2998 6898 1659 6528 9400 273 1663 6281 7753 765 65 4332 2271 6145 1325 866 4259 2750 9092 9567 8945 4893 4981 5154 7270 1722 8066 2791 3806 3013 6784 5869 324 5924 584 2340 5532 5607 6533 1389 6883 9078 3761 9012 6696 1610 7316 8586 2422 4516 5825 145 5174
1541 3467 4345 9667 1957 4304 1252 5452 2199 4703 4168 58 400 6840 1868 2363 752 1877 6939 5386 7924 4498 3858 7081 9042 4333 754 3583 8174 4600 3651 2134 34 4465 6376 758 2634 2372 1800 891 372 3151 7342 8849 4246 8561 3341 4363 3375 5438 9711 9256 8369 540 1105 2881 1575 9739 3611 1565 7904 6365 1812 1299 8405 5866 7382 292 7517 189
6972 2222 6170 8601 6248 8712 2166 4391 1851 586 1661 8415 3523 166 6869 3536 119 4238 5051 4218 1827 8472 8612 8993 9351 8303 2396 3237 1413 7151 3514 4354 172 3240 9448 2849 9909 5390 1878 5285 7550 8349 6947 7601 843 9569 785 4245 1111 8202 3180 7987 9546 2426 617 5871 3803 5869 3598 2442 5671 8159 2810 8201 5381 9538 6206 5721 1490 584
2341 5812 8881 5778 9413 5963 1383 6435 8371 3260 8340 4147 1339 3004 5305 9424 5009 2727 3373 693 4225 3442 6716 4701 9968 9794 7728 4733 2505 5932 6697 2505 5092 607 6736 4841 3000 4432 3457 6332 9182 8644 843 6811 1214 9854 8800 6870 5505 1447 8642 3390 3732 8879 9251 999 6952 8117 350 5477 6077 9954 5135 4374 1377 7577 3370 7764 4258 8638
7126 5481 6791 1374 3025 6455 7514 3645 9557 4500 6284 4745 9303 5570 1934 1255 5993 4931 7846 45 4682 4083 7417 3969 849 2009 6036 634 4346 1275 3872 7941 9502 9185 3255 7379 6400 1117 7578 885 5073 6714 7564 5811 8378 9530 8503 5081 7738 8068 6199 4855 1232 5142 7225 2620 973 809 2756 6874 8692 3869 8877 9065 8842 4997 6400 1628 6144 3069
122 8010 1208 6626 6923 9099 5074 1502 4294 7594 4943 645 2872 5743 4683 3265 6655 148 2753 2298 1173 8877 1573 5712 574 7589 4343 258 5076 1050 307 9658 9947 5519 7441 4278 3258 3733 2706 6112 5405 3576 3454 8898 4686 2145 7094 602 3154 3897 2509 4012 257 6104 2471 3969 6726 9056 9741 6680 9806 6166 4567 837 8201 6166 7156 9821 3869 2325
6566 3920 2475 1254 6920 3947 1242 8726 6405 5402 2411 9119 5213 5564 47 1311 6459 2009 482 7350 6332 7852 2878 1190 4511 1444 1713 151 8109 3661 6521 7756 4765 3989 5669 2386 8334 2751 9766 8914 2822 9106 1641 1289 9480 8526 4601 6629 7297 4878 1494 8082 2058 5980 5112 9290 9560 6747 9111 9582 3178 5959 8946 5669 9933 8047 7331 4230 5913 1077
6981 8245 6915 6911 8179 3532 5695 7209 6926 3115 6180 736 2516 7987 4859 8726 6776 8220 2025 8934 6673 2412 1172 9042 3507 1889 1878 8486 737 810 5974 8402 8424 480 4422 197 4810 9532 7688 1850 4257 4232 6887 9822 4780 3403 6827 9175 511 6753 541 1809 1643 5348 8116 394 9533 8479 6142 5459 8745 9986 229 3677 7581 6889 3871 1562 8434 3610
4876 3527 6198 7990 2448 3230 2086 6260 4476 8099 6649 3008 3797 414 1238 3484 1099 5973 3383 5931 2874 7397 3909 7763 5401 245 1258 4808 9479 6803 4513 9164 847 730 3591 1971 7897 7241 8666 4258 6416 1513 1030 7078 3275 6737 3017 7732 7067 501 1534 2632 5255 729 1216 2050 9920 3330 1270 4904 5448 8194 2757 7874 6301 7701 6815 2249 9492 8092
3081 798 1342 6196 8469 2238 1053 8951 5391 199 9087 6909 2038 4432 3227 2679 1333 3449 9895 9682 9332 8268 9914 4259 9819 785 5081 3934 4723 7083 264 5030 5829 2679 6980 9914 7973 1178 4755 1997 4310 6536 192 8642 8270 269 5548 6938 6251 9303 1684 9338 328 1429 2167 7007 136 9740 8347 8886 5931 216 9047 5483 9082 3863 3412 2942 6747 2512
4495 42 4730 6470 3019 5151 5480 1002 5583 4268 8023 5728 837 5882 5013 1078 6222 4194 9824 4348 2302 7151 333 9453 9471 5434 4742 1574 8084 9414 256 4623 2406 5912 1693 9421 3672 6071 2925 8311 8846 1683 2901 5454 5335 4480 8541 6347 4681 8175 2390 1314 5022 151 832 7214 8693 4626 9445 447 4147 9961 3786 6014 1951 1457 1490 9296 4414 8861
8827 9857 1742 1025 9537 8592 4078 1052 7355 3600 5890 8910 852 2039 1252 1666 3145 6089 8688 4268 5621 5636 8187 5469 9336 6490 2030 4376 5977 2602 3533 7411 1479 4549 9992 8397 8250 3285 4931 2942 6219 3492 5201 4978 7400 288 5803 1408 9107 7457 4238 2048 1360 6170 6340 8585 3280 5468 2456 9986 4607 5594 6309 676 5683 3275 8872 6533 7095 9541
9889 7743 353 6086 2751 5508 7629 115 7461 6694 5728 2564 5152 4585 9743 4667 799 6171 2753 9782 7771 3155 8885 1842 5762 570 4005 9906 1156 1867 3732 5949 332 5434 9715 121 3995 2068 354 8196 6108 3690 4386 9355 9275 555 1936 6336 7232 9404 642 2002 237 8683 2934 5540 900 2123 2410 8773 647 2004 7900 5084 8997 5299 1130 4441 7877 4174
7341 4481 6633 3279 6910 7828 9220 2461 7835 9204 61 2159 6512 2554 6170 1647 5092 7055 5713 5129 5931 1312 6027 1429 4398 5656 410 9916 2397 5887 3053 2748 956 1819 8949 7910 866 8514 2779 5893 3719 7076 3023 1706 8796 2288 6641 6338 1529 9619 1263 6910 3173 5446 4186 9913 7792 5522 8253 3015 6347 4107 6625 6041 60 615 8466 2715 913 6968
2250 6829 9291 3439 1415 7324 7147 9952 3488 2687 3095 1266 8055 6569 4877 9262 2373 1974 2792 6755 2385 3748 9305 4041 2375 7131 683 857 5371 3351 7130 4629 4850 9375 313 7105 1780 5064 9369 8708 8279 7583 9909 2917 6067 652 223 792 6334 7465 5571 8692 5089 2580 1808 4478 6232 7642 2245 3247 2801 5685 6952 1146 1543 960 6029 7050 3377 5761
1685 5454 598 6269 8197 5462 1156 600 9289 4704 2201 3195 4393 7141 1299 5591 7961 5716 274 9652 5270 4897 7687 9074 461 1401 3158 2320 6838 2611 108 1139 7288 4913 9078 4187 4358 3842 6066 701 5950 7601 6930 5369 2156 7750 7825 3260 3266 9667 2632 5581 1221 387 3146 3677 6835 2194 884 6142 7514 3382 9108 4612 8879 123 3394 8478 33 2644
4260 6506 5232 5748 3785 5462 8991 3855 8381 4727 5330 6753 759 6255 7300 5377 1384 8963 8003 5036 3248 7933 3794 7009 4192 9223 2733 9031 2184 6206 8075 9799 996 450 2934 7602 57 8713 5691 3360 9528 6102 1590 2055 625 9124 210 6603 2939 5775 5879 7881 4858 6590 1359 5764 8232 6464 801 509 2059 9979 6693 7534 5272 1004 5995 3124 1728 5989
3806 2287 6332 2665 672 6367 7367 5898 1786 9197 9882 2107 7898 4442 4829 2938 3709 5374 3129 1157 2980 3352 4583 1048 3470 896 2461 6806 2471 4352 6497 3021 1828 3995 4077 9385 9306 8563 1450 4799 9542 8974 4375 8461 4850 2200 2857 9660 3933 968 9638 7540 3784 5660 7182 2111 3077 8999 6693 9451 1560 9846 4814 5719 2253 7276 4828 4912 470 6541
6068 5037 8279 8320 7370 4877 1205 1519 8646 5844 7866 1019 4868 631 8478 559 5594 8227 3285 9972 3168 304 4926 2657 9614 4219 3834 3725 7734 3287 3338 2868 8482 1237 7977 6986 1588 1431 2060 6387 5386 499 2490 3130 1033 5889 7392 2946 8820 49 9753 3083 2206 3845 4009 8117 6604 5116 265 3689 8549 9664 413 2532 5095 126 5627 2746 9976 6751
1526 6177 9915 3875 8201 4866 6325 339 9969 3458 3542 3435 4887 4939 116 4605 4574 7074 5725 5721 7753 8162 2806 4608 8549 8815 4486 3507 7473 4924 8476 1774 5775 7618 1277 2362 3376 6296 4489 2729 5466 5554 6980 178 3725 5039 4103 2287 4649 7464 326 6250 5705 8600 4546 5907 661 84 6145 4884 8725 634 7242 370 7006 4738 9809 1058 754 1910
7309 4826 6704 4632 4995 8368 4277 1172 315 5927 924 8283 1719 8272 8368 8757 4082 2996 4368 6089 7518 5486 2813 1173 5546 1514 3426 6538 5244 254 1420 7586 7044 9133 6811 1548 1055 1546 4593 575 4545 8048 3496 7374 2312 4189 6892 4949 8425 7299 2100 9143 6827 1349 6544 6367 7879 8384 4462 8208 7914 2960 5189 801 5276 9668 4704 2918 8623 960
6212 6439 7446 4268 9376 35 1126 3281 2800 161 1900 1792 3304 2756 7343 3119 1453 4197 5351 2442 842 9697 1438 6811 607 4485 8252 9902 3977 8037 9276 7231 7510 5163 5024 7766 4797 6919 3606 7128 2726 485 8190 2674 3468 7325 5224 1390 8721 8776 5140 8436 8235 5910 900 9994 1018 7101 8217 3238 6065 8210 6466 2675 3342 9329 3226 2422 2867 5831
68 8880 4459 3969 7863 2144 6220 7680 292 1736 1105 8300 8266 1311 4001 1143 147 2266 4052 366 9179 1669 3726 935 756 9394 4059 9146 4932 6158 6283 402 9782 1531 1619 8128 6820 45 7060 6626 8770 2441 9873 894 3057 2507 3275 3550 9128 3265 7235 43 6217 8137 2694 5815 6935 737 243 9862 5029 6174 2067 8643 5213 7634 7418 8759 9891 1387
9896 1997 2001 3341 9490 346 5824 7859 9978 8330 8711 3933 5547 5407 7362 5658 7607 6062 2826 9197 8305 4984 2119 4858 4391 8617 5772 6932 8665 5101 8098 666 9026 1367 6682 2832 7092 9934 3690 9701 1436 677 5078 9046 9576 3315 6650 8762 4361 2233 2950 5277 9975 6956 3284 9426 5428 8701 7444 497 2734 3762 7837 9800 1510 9239 7455 7701 3712 4980
4594 3909 4269 3025 3788 5302 2221 4781 5461 5758 8531 7900 9784 4234 2584 4829 5938 4034 8571 7459 8824 1860 7236 5740 5733 2616 3727 4962 7817 9742 8412 528 7604 5309 6068 3509 1210 8408 8363 3425 8497 7231 8794 696 5344 3083 321 7642 1833 9012 3665 8325 1076 4386 4810 6237 2547 8971 4703 6431 6379 498 6817 303 4263 7116 6818 956 5629 765
6674 7667 8655 6617 8009 8557 7782 3376 3940 5438 2074 6475 9756 1537 4601 1265 1868 2850 6329 4965 3095 7644 3846 8681 1648 2001 5078 2370 1184 6378 6933 4023 9902 5337 9340 5188 6601 1713 4347 2902 8541 5999 5478 9477 744 3316 3433 164 7783 8245 7315 2856 4419 8459 205 6177 4856 4902 7664 7111 3020 8004 296 968 8545 8799 6779 5056 8641 2711
6882 4294 6385 5863 9715 647 6269 5140 4475 8906 2060 454 9928 9072 7378 7265 7841 2543 6212 3692 6505 1447 9112 8619 112 5471 3858 9114 9833 6934 3666 5985 5592 6369 7406 5565 8344 8968 6962 8114 408 1007 9839 7520 4722 7079 3799 8554 3215 4126 7300 8468 3016 9600 3739 2177 1115 2633 9949 6946 1461 7138 8213 2466 1102 2353 2745 2088 6358 7269
6081 2346 2277 6745 9737 4019 3499 7971 5352 4142 5195 8723 3617 5890 47 5562 3268 7328 3300 6200 450 6658 2488 8262 4585 1238 4300 5843 5970 3076 8035 4798 3664 2417 8016 9190 6847 8524 4804 8291 9931 8843 2673 1928 6972 7875 8812 1255 6671 7364 4851 6103 8198 4308 7173 5666 5836 3214 1406 6274 7157 9873 1510 5636 5827 9692 6104 6912 1763 7157
1675 6861 8711 6095 8660 6736 2216 8661 3443 7392 9946 1193 6014 5875 5964 3229 2791 1392 2210 7649 7327 6023 2443 9853 7778 7543 8382 9763 1523 2160 3009 374 2242 1311 9435 9246 4081 3980 8535 6088 6799 2161 3369 8234 2394 4294 8905 7777 6473 634 1540 6043 923 1999 7092 320 9608 6198 1819 3634 6057 4567 1813 8049 8265 6671 4498 2492 893 1303
3891 40 3857 5706 1328 5221 7074 6588 6044 184 3976 7742 7376 7064 8397 3076 6031 4755 6517 6078 7504 1865 2971 8689 3615 3133 4854 8526 1230 5362 170 5034 5188 9122 8987 3785 5501 7814 7063 6915 503 8525 7995 9450 8230 1156 9554 2715 9449 743 7156 6187 9928 7815 6417 8798 8041 4731 8998 127 8001 7102 8146 7057 6278 4036 6225 1181 1844 7989
1110 7129 6599 3217 8848 7949 1214 9301 8200 8814 5800 344 458 9125 6785 1529 184 5872 161 2509 3620 2101 1864 7097 8543 5625 9754 3688 97 8326 3603 102 2174 18 3652 5970 6848 9886 5055 2278 4744 4496 4435 8204 6072 9042 2633 461 6821 4003 4372 5355 5959 2532 6635 5264 2867 6769 971 7823 8863 1488 6668 3951 1497 1630 3048 1071 3537 8746
7315 3672 4842 2891 3256 636 2096 4907 9759 3877 3891 7056 7323 3763 6582 2214 4588 7845 6178 4061 9881 9743 3758 2665 8714 7906 5001 362 1161 5964 5338 9460 3019 9033 9284 5869 3834 3721 2845 1721 4661 6674 7415 5672 8645 6861 1422 5361 5450 357 5516 8440 6092 3074 9664 1604 6991 1936 1188 9123 546 8509 7892 8869 1707 4496 99 7040 251 7858
308 6785 9901 8797 4344 2253 6092 2458 7134 3443 8791 5823 4011 1303 1104 9985 5268 2348 3357 1148 7021 3582 7636 2780 978 9433 2618 55 1005 5399 5369 182 6231 5123 8793 3122 8507 1732 5346 647 8039 8940 4329 600 714 4168 2833 6082 2950 691 2637 2695 3408 5287 9933 7730 1990 9630 3955 1931 1576 9151 2491 2369 8937 8701 7221 6866 2566 1897
6426 8812 667 8194 839 800 5568 8337 1696 4598 48 1733 221 3576 2252 7194 9078 8135 3235 6244 8970 1209 4522 8309 597 6705 1993 89 378 9164 4286 7022 9773 5492 7919 3254 8706 897 7166 2163 9321 8424 1402 7995 6535 3889 2463 845 1239 1414 9957 758 9616 7405 851 8890 7620 551 5215 5843 4631 9346 9729 8282 7304 4786 5034 5466 5608 6910
3668 6059 6517 6493 8822 809 127 9416 2397 3703 6001 4909 1567 4610 7690 5611 7453 3245 6451 2349 5060 3346 3750 4061 6691 9487 8602 9070 4353 1681 2312 9272 9011 888 1317 6974 3414 2649 2936 3291 9079 7214 4896 2759 1820 5287 746 3740 4477 7776 2624 5231 5669 7755 1850 2607 1023 3458 6552 4056 9733 7291 6441 3593 1537 4547 754 4555 9588 5559
7989 6983 5286 6580 2829 2153 9399 1655 1964 2609 1106 5792 9911 3168 8019 4556 1349 5949 9911 3763 4292 5467 5804 7000 3046 7252 8601 7203 8797 389 5722 7588 6252 2972 7656 8719 774 4371 5922 6111 1553 8335 873 90 2835 25 2591 8755 4120 6074 4492 8957 7831 6480 8847 5450 232 1530 7717 7584 5471 7367 8435 8187 5285 3727 1270 3102 6422 1986
3089 2277 3052 4086 620 2996 8838 4787 5602 3866 8571 7197 1483 1643 8295 1385 3683 7529 6541 9520 3640 5720 7906 6373 6539 114 8202 8783 7102 6766 1916 2278 1093 7695 1287 8881 5289 8495 68 2963 5360 5475 1120 7203 7414 7706 62 6759 8328 9535 4876 5679 2490 9805 2797 6959 7025 5417 8028 8700 6509 7031 1472 6410 4023 8497 4822 3264 7837 8170
7036 2395 9189 4016 3645 6527 9032 8299 3585 4241 3610 4596 691 5058 2227 1811 4648 5484 6948 7107 227 9514 3585 6415 981 9238 2267 1093 4641 9696 1582 5344 4478 6370 5636 9487 411 3731 3624 8268 8837 2283 7828 2009 4612 3963 2653 3791 5625 2791 722 6575 4351 9635 5403 5507 2480 1095 3542 1688 2728 3155 1507 7985 4652 565 906 9666 1008 519
9306 1935 607 9195 9157 2134 9755 9987 22 639 8696 6992 1894 87 8347 7343 2565 1594 6429 9874 238 6053 6828 7928 8150 5910 8557 8301 6213 7913 9213 1776 4315 7372 4908 2936 7539 571 1821 2602 5769 1322 2363 6918 2671 320 4525 6641 9432 8909 173 4351 7403 918 6608 1125 7000 6024 6123 6639 3185 1248 1607 7133 5286 1334 2977 1461 7433 4575
4905 5807 2611 224 9178 8362 1669 9981 1398 5813 4495 6457 2741 2881 3211 457 217 4786 6911 6690 1066 553 9103 6996 7326 9909 5306 698 1955 3408 5732 7839 2490 834 1960 8698 4398 2993 3037 1091 8043 4715 667 813 9474 8211 6883 1956 9507 1162 4339 616 5169 185 9235 5607 9541 7445 476 4896 2216 5855 7322 2310 3805 8406 1903 4700 7286 9164
3778 3482 1542 394 278 4023 4423 9421 4949 3831 2486 5083 1817 2776 5950 2588 142 9525 3140 2041 9724 3076 8199 656 176 9606 8580 3001 631 3630 8605 2207 6988 4519 6351 207 4972 9780 3353 6440 3577 9740 2127 5265 6574 5832 4697 4997 6027 6247 6087 7229 3897 7836 7660 5462 2225 9745 7964 1265 5980 3758 8913 8878 3908 6657 4751 3461 1440 1272
8897 3511 4273 2948 666 9849 4939 6874 8823 8732 9763 9446 1282 868 9757 3483 5000 3351 362 5096 567 5831 4082 818 1746 5570 7398 4733 5371 1874 7105 3367 4441 8273 3369 6707 4362 5937 3470 7657 1924 278 1104 9326 6695 9261 6785 596 7198 4667 1539 3902 3402 2942 107 4626 1784 9523 3310 6112 2182 2431 8556 4967 5736 8269 4759 554 1813 4379
2708 1309 8602 8449 3556 8847 2277 2286 4415 8770 3090 809 1093 4652 6182 2522 3228 6314 8999 4342 5883 8498 7104 8970 9225 4309 3302 6931 832 3408 9857 7818 3067 9723 1964 9776 4589 5322 9463 2743 2312 4259 2572 808 7255 7327 8118 6746 2037 7702 7143 5051 2717 7890 2028 2514 8931 4116 2376 3689 288 6675 8027 5321 2452 2250 8309 4509 3093 1533
9936 8923 2584 6085 992 8945 5765 3445 8682 8257 2952 3850 8162 2076 3590 4841 1707 8478 669 9139 2425 4931 597 9670 8517 3807 2757 1915 905 6035 4015 647 556 7771 864 2311 5567 1921 9650 226 3519 8057 3232 4238 3270 6053 1496 222 2448 5028 6981 6872 6776 5575 6154 9995 5420 1794 3066 474 2532 1640 7143 2954 9808 7318 3074 7150 1072 7257
9568 1554 3526 5724 7211 9395 4887 3308 7594 3434 4076 1535 2232 6546 5387 1701 3246 4074 4310 2464 4100 9542 9807 271 3481 9442 4041 5861 4480 821 3277 9738 812 6921 977 7599 1734 1675 5249 2871 523 5744 1183 3124 5973 4555 1002 5797 59 6819 8428 2427 2582 4325 9523 1820 6948 6602 177 1895 118 8386 1390 4050 9626 7423 5638 2791 8165 5469
2149 9523 2891 2803 3239 4249 9614 5279 8417 3054 9471 8984 6688 7836 2771 3746 6121 5657 3357 2628 1813 1891 5830 5892 4232 3814 8230 8001 3807 1368 5938 4638 8645 5881 6780 530 2287 9963 5372 2359 9903 1699 9589 3044 5371 7873 13 1896 6698 8863 6102 1574 7893 4432 1864 1409 5049 9285 9759 1188 4614 5644 7621 8032 1762 4307 9921 5559 1116 5782
2008 4239 6468 3566 6739 2965 3439 1673 2936 8485 600 8337 1698 8812 1659 818 6236 5744 4323 1017 8235 5640 8130 7320 3908 5759 5454 4207 6141 1730 1702 2308 3259 1358 4779 5088 5235 3442 3322 5439 771 3184 7037 6503 8563 2955 9655 7471 9175 8255 5233 7495 2299 5381 8154 1865 8917 7968 1310 393 670 9893 2081 8450 6888 2636 2245 4333 3253 3079
2523 3367 4260 9400 4902 4009 2955 9728 2825 7558 8731 5289 7955 6285 788 2998 2074 203 6382 7730 4832 6854 4896 317 9819 5752 8427 8909 7469 6458 8401 8984 3186 684 3256 5963 9356 716 1690 4460 2054 1 7320 2350 215 7959 6010 3612 4031 4625 2120 901 1619 8372 7796 2068 6278 8737 6 2182 109 5441 1565 6176 6117 742 6446 5663 7754 2650
5326 8828 1482 2449 4597 3746 1794 7723 4121 5051 3792 3729 6346 3894 1830 7613 7786 1461 9514 3984 5902 5470 3532 5431 4498 2901 1770 4043 6372 1081 9969 181 6430 5297 8945 8954 8697 248 9174 9395 8768 2615 3073 4927 7524 9512 3902 2604 682 2304 682 405 1250 9188 95 4498 6869 1555 3981 3971 8674 4834 7263 3236 7949 706 6307 810 6360 3548
337 2565 7410 9586 5344 2231 7530 4449 3795 7409 4508 7738 898 1744 7065 5468 1092 6708 9591 8904 3416 500 3296 4613 4040 1804 812 7716 1661 7097 379 2344 4390 4892 9131 7164 2644 5341 6282 1986 1312 464 7006 5312 8127 3369 2166 8343 6166 5923 6883 9074 1480 4414 3540 6177 532 4956 9227 7611 6416 757 167 9480 2418 5390 4466 9884 1917 6013
7823 37 2431 1122 4426 695 9444 3089 1573 5426 3487 1652 4503 8230 5842 2059 4352 8957 5256 3413 9302 1120 5754 5502 9214 7006 2372 2156 8491 705 8437 9310 6130 9240 214 9981 3320 8640 1078 4236 384 6283 6126 9743 6432 4439 9065 9939 8855 1941 9947 8255 2628 8019 553 7075 7755 2075 8716 4100 5449 5953 5112 1162 3970 6561 6247 3781 6429 1775
1486 4593 6834 5969 2808 9385 5463 2192 4148 8007 1636 6550 8703 9242 77 7481 5285 2356 2456 812 7132 9282 2349 7063 8573 3727 5471 2669 5943 8246 6175 4379 1885 6451 6363 9059 7902 3998 7611 8735 9831 746 3747 4775 2238 4288 6192 6737 4595 5959 1492 3839 6411 2787 8182 8530 8899 7727 2879 2141 5784 6025 8320 4955 9669 3383 7075 2129 9649 521
5519 5361 3865 2370 4707 1117 8295 177 4729 6121 3316 8667 7166 6087 8568 1363 4914 5138 633 69 789 1809 9299 1311 4527 7259 4944 6618 3759 7677 5141 1492 9320 3632 8623 9168 7103 219 9444 9151 9110 8849 9674 5912 1653 9986 6982 9172 4298 4409 9346 9968 1400 1881 1123 1416 2289 1967 540 6467 2864 9054 1215 1970 6411 9038 7691 1186 6693 8549
1038 4962 5521 6432 101 2201 3048 3075 6267 5967 7296 4612 6248 6966 5182 190 528 7812 2581 8238 9978 2846 4559 9118 564 7378 4612 4823 9314 5699 5760 7868 3755 5489 4292 8534 4238 1331 3659 5172 9696 9110 4491 7273 5963 9385 446 7211 8180 3731 4147 2831 1342 1120 7208 4181 1823 7205 9998 8330 7400 6194 3793 2385 606 392 3891 7260 8298 1082
8080 4776 3843 9144 7193 3241 8185 6954 6734 5894 6895 3274 1557 6120 764 5241 2247 7338 3731 3060 788 4165 7327 890 6359 5520 8517 378 993 3529 4880 5545 9416 593 3985 8968 1608 1753 5941 9727 5568 4350 751 4528 2669 140 441 8764 2678 7828 5657 6302 5065 8941 5058 4690 8164 925 7276 7592 8481 1935 4929 125 4981 3813 1579 1689 5807 3510
142 8133 9186 4731 149 6877 9245 6815 9026 7063 3169 9289 6573 4070 660 7462 4962 9857 857 390 2905 2182 2538 5362 905 8447 9523 4885 6888 5803 9796 2220 6437 6080 654 9703 6681 3096 4615 1180 586 1054 922 9658 1390 8709 9842 8082 9099 4432 6405 9025 4482 1002 4409 1989 6295 5997 7829 652 7768 3237 683 2253 7684 3835 6954 2261 515 865
4993 125 102 2065 183 4029 1119 1796 2697 124 1515 5020 4498 9883 3248 7860 4544 9311 940 5730 211 4206 4364 8153 7848 7324 7545 663 7141 1946 2356 3220 8550 1732 4068 6354 2852 2633 3101 4571 4271 5731 6366 9376 277 374 872 3959 8255 2984 9325 1311 6878 617 5847 8392 8696 1947 5159 1468 6813 6473 3837 656 5520 3731 6524 6372 5738 8148
6002 5084 8200 3767 5014 9077 3274 7883 2267 9037 7125 6412 1720 7165 3589 4983 8711 9406 9368 6523 4240 7919 2333 2424 2215 1503 8085 2986 8317 6792 4882 3695 9953 6880 464 9498 968 4404 9449 1517 4043 3737 7063 6475 3677 7106 7905 6856 8691 4208 1533 4401 4285 9685 9478 913 1362 7122 4843 1621 1288 653 8416 555 3302 3674 6648 1379 2007 3845
1150 2736 4011 1631 7250 3523 5194 4534 8351 537 1327 8202 8120 3505 3187 6651 2299 875 6359 4960 2736 7845 8404 4367 5665 3391 2325 4227 9006 3284 7649 5254 7621 6296 6022 1222 7704 2606 3401 6894 2507 148 688 5596 6221 8404 426 1854 334 3539 1423 3146 4146 8308 6523 487 8631 473 6627 1657 3658 9897 1855 2905 9192 7679 766 8657 921 808
1416 5357 6099 3539 5083 8650 1340 6622 8262 9692 7508 9035 1629 1385 8585 2947 777 1381 2925 9121 5274 8929 4235 3341 5108 7277 400 2530 308 8565 7701 6007 8458 1848 2149 1803 7266 9953 4403 3503 5937 7746 9760 1130 9770 3596 8751 5190 2264 7255 6458 9537 2600 2918 1829 2220 3015 8551 2196 5020 6988 9059 8636 7765 8303 8538 48 3399 4886 7248
8910 4126 9542 6364 730 9867 6551 9335 5157 2131 7753 5798 1412 9425 6557 2497 4213 2207 1630 3053 2274 1421 1720 5094 2257 8198 3016 3404 2649 3116 6975 1267 405 1334 7736 7538 8474 2307 3374 1999 7233 7089 4133 1684 7337 514 5095 4989 1490 9436 7228 9621 8340 509 8600 6253 7405 2162 8167 1329 8676 9810 5175 5547 7647 6176 6543 7804 1466 3297
