100
4428 1759 7295 2045 7166 9589 9899 7458 491 3216 2059 800 6461 8566 5380 2931 8482 7381 4024 2030 1156 1612 4193 6737 4694 665 1892 8037 301 2740 3167 5379 7164 7157 1438 7477 9239 3730 1006 4628 6659 9398 5676 3936 2627 1295 9177 9434 9899 2733 1656 9456 1705 3687 5326 7901 4494 1396 5254 4601 1970 6832 2981 8574 3059 327 5339 8976 7085 9423 6077 3091 239 6165 2204 3712 6898 7857 1347 3181 9708 1873 8923 5206 3147 5643 4432 1837 1132 3581 8147 2083 6338 6568 592 9583 7431 7631 560 6727
8826 6834 8880 6129 887 7490 600 5465 9188 1130 8145 921 3640 1530 2679 2954 8025 7424 2343 6012 2618 377 9287 8304 8721 3513 713 7666 1316 7359 7168 8451 1514 1617 6468 2154 9001 4822 3546 6556 6322 6 361 8488 451 8493 8308 3878 4935 4349 9019 9788 5427 511 7401 5661 2707 5694 5408 6034 372 5750 3668 3433 2735 3081 479 1456 1399 9963 4364 4258 6774 3372 2489 3137 8338 4818 389 7664 6549 6940 4582 5958 1862 6359 9400 6593 5477 3096 453 5000 615 4502 9980 9270 9428 1881 2393 5735
9546 7397 426 1452 7020 7012 6252 8039 6999 352 8173 7597 2982 7798 2367 420 5096 9185 1810 9176 4129 1597 1926 1524 7270 9517 4086 1177 3977 7670 8497 9879 4211 2726 9825 1063 7594 1741 5120 563 5603 9131 5496 8620 7359 7940 2046 6808 2354 9780 1518 8015 5767 2610 175 5146 5328 9081 4018 7032 8780 5979 9152 7515 6504 5419 8733 7222 3521 8197 302 1391 36 1788 9036 3095 5639 1059 3517 4581 2225 8490 9289 4729 5100 639 797 6638 1095 8935 3121 3845 9839 5001 5852 1562 2675 7492 3262 3146
931 6452 25 6757 3591 4888 425 4978 2541 9807 8029 8641 5037 7205 4145 168 947 7601 6787 8806 5188 3393 3340 4871 859 3829 4859 7933 2880 2397 8617 7616 1231 8770 4017 6823 3789 7569 465 8298 7840 9277 4128 9954 5679 929 8000 2102 5952 2917 8255 9801 9292 5897 5571 1981 5180 7950 2715 7192 3582 6066 4721 6552 7210 2332 6557 3207 4410 2879 6591 5540 6872 9866 4798 2293 7281 172 3203 5030 8384 7069 3687 4375 5843 2775 601 9634 9806 3390 9716 4744 7771 2500 6672 7085 3464 7236 7273 7146
1117 9363 7665 9109 9112 584 4149 1875 1952 9430 2819 5235 7367 2115 167 9476 736 5651 612 2068 6855 5806 1553 878 9985 6500 1741 343 9569 5260 6518 7558 9452 7760 2633 1891 5069 6504 5457 892 9524 6165 1516 2030 912 1770 169 4285 7441 9076 1257 2608 1739 2266 9311 1699 4416 4004 9539 5257 9710 272 8659 6674 3140 7719 3437 8466 3439 7364 4665 4396 8477 1026 5933 6636 6834 3994 1299 3917 7646 8899 9372 7224 5486 2863 4090 5619 8313 2100 6951 3238 1628 1956 5212 3464 7619 1631 1811 8890
2597 4322 8882 6188 8025 4844 9591 1014 4600 6372 7299 6419 4138 8887 4077 4090 5050 9295 6217 7002 8993 6111 7874 4796 6555 3944 8328 1575 293 3210 2887 2683 800 2367 1050 4081 9819 5712 6319 4616 7866 4669 3129 3279 9526 2544 8599 7884 7710 3740 4015 3393 1903 6947 1710 113 7185 3450 3555 468 5532 8893 9101 6041 2180 7955 3423 3514 4547 3950 1815 3950 6819 9353 1126 1561 8950 7207 654 8500 733 548 8284 1537 5230 1118 4012 5113 6727 1418 2012 6659 8337 2567 4990 9882 8619 3759 744 8584
5635 758 9455 9715 2222 5854 6168 4825 8928 8062 5861 8486 5733 4815 8382 4965 9647 4487 3283 6973 8064 9793 106 9435 144 2671 1246 165 7155 2879 5656 8074 340 6717 1718 5081 2551 6457 257 3658 5838 6587 7788 3709 1024 581 2578 6912 5008 8359 1782 9753 541 7518 181 6100 6040 7927 3407 7051 3634 3602 2447 682 4592 686 245 8922 277 6944 8091 5104 5100 8061 94 406 7023 9727 9623 539 8156 3115 6258 5384 4045 859 9190 160 9784 6897 215 7018 4352 8324 8746 1796 2204 9732 7047 5111
1125 3769 166 9063 8944 1236 3805 2804 1696 6132 9998 7178 1261 2018 109 2142 7379 4072 5367 9554 536 1768 392 6433 7689 4268 3329 8871 6750 9245 7057 4718 6558 2271 171 7830 8227 4106 3275 4422 6018 7264 1832 7403 3392 6853 6712 529 5494 163 3348 7628 1087 7059 9747 7649 9121 7925 8990 5545 2251 2833 5403 3570 7234 2005 180 3130 2913 7049 1162 427 1625 2316 1028 9515 5220 5328 2626 7076 9827 1216 3469 5304 4141 2333 3787 749 2575 5806 181 6031 1978 5112 892 7879 5804 9246 6199 2055
1380 3436 2528 7966 1122 8880 4263 7923 6748 1482 4622 3898 5223 8174 5925 971 4847 4673 2096 8862 6689 540 3127 1187 4071 739 148 3722 1342 4011 8421 8174 3770 3131 5133 4895 1699 416 330 6152 2907 277 7759 1539 8202 3169 4648 1051 1007 3001 5685 5442 6820 6464 5000 5600 4599 1548 4235 1268 7237 425 3889 1972 9204 5734 4203 7534 4888 9002 2349 3465 200 9403 7608 2250 9502 7312 9525 3908 945 1474 4265 4129 9461 5662 9362 9454 2889 7009 9423 6095 5269 1426 5262 3905 6335 8244 879 7858
6616 3365 6783 4057 6016 2023 6270 1318 679 6174 2529 5503 8335 4552 1473 5907 950 8745 1277 4630 1530 5631 147 3901 5485 5146 2070 3580 6045 8460 261 8192 6290 3827 6100 7288 4618 463 3432 2152 691 6519 6979 4624 748 4671 4129 7821 3719 6438 7941 7295 9234 2671 8553 1490 3022 4184 8569 1440 6404 8773 1620 2489 8338 7493 9890 7465 6382 8600 412 3037 3293 3992 2953 9169 9147 7667 9135 5810 294 8208 4624 7390 8316 4024 4529 9804 7781 6591 5855 6171 7847 4428 8502 2310 1950 2596 697 7653
5138 978 3218 1195 6397 996 1922 9339 2842 1555 266 3428 563 7458 8455 6848 2233 7423 9172 6922 4836 3847 2328 7224 4743 5609 3658 1047 4987 8939 912 6314 8231 5837 9600 3455 5854 3214 2919 5612 3348 7041 2352 5677 8062 6048 5612 9145 2269 5852 8712 9515 6624 641 4389 3648 2591 1407 6339 2378 508 3135 6334 6449 9710 7732 2554 8028 2437 9840 8289 7357 3001 9661 8217 4433 3682 6794 5537 4982 5849 6554 9609 2113 9544 7060 2685 1131 7879 4402 3871 1380 1040 7884 1366 2843 5454 1831 1360 7577
1720 7263 4003 5745 1837 7581 2112 2886 8580 6020 4046 3096 1968 984 9882 3299 3437 2189 8106 9836 2361 6752 8837 2195 6002 3481 3700 8285 3825 2983 2687 5618 3177 4965 536 6402 7072 1840 6736 7027 5261 9345 7466 8447 8757 7310 7407 7655 316 1946 9759 7794 2551 4292 5289 5071 9067 5117 5273 8547 9335 3167 4459 9957 2767 4007 8426 3507 4993 2710 7334 4156 8024 6078 827 35 2078 3015 4658 7924 1839 6687 7084 8071 6988 6408 5809 2372 8044 4247 6793 1051 278 9451 2983 3167 6074 8442 3231 1826
3850 4634 6749 8819 2995 4759 1812 1264 6707 5267 9252 4727 944 7438 9609 4383 9067 7603 4204 2875 573 9090 4026 9619 9142 5845 7943 6411 5325 3735 4040 583 4020 8220 8144 2425 8652 5133 4906 4945 2066 2135 3147 682 2953 647 5382 4361 571 4155 8451 6150 2950 5240 4997 2898 7458 3643 2979 4666 5774 1411 605 4647 7474 7920 6807 2464 3921 7242 5164 7074 4247 2275 9464 5623 625 105 8489 7353 9511 9258 6813 890 8099 1764 8840 6768 9491 519 8114 4847 5839 64 6216 8473 8936 4932 3716 6219
134 8420 4522 8257 3992 1304 3053 6082 9910 1920 9626 7612 1669 6404 6442 2255 8146 8607 3877 3289 7745 4886 3633 4991 2752 907 806 4983 4117 6996 6616 5160 4014 8966 5984 476 7873 3829 3194 6295 9556 4450 4094 1864 8368 5719 2720 1830 2108 9420 2256 8707 9271 6041 1434 7838 2094 3183 8386 4560 5785 4310 611 5141 1995 176 5281 6148 9122 454 501 1976 6839 8936 6064 3699 5574 274 9503 6155 3290 4709 7063 1173 7078 3521 3619 2837 1826 1404 9766 7669 2319 1300 3453 2470 9828 741 7514 1156
6991 1196 110 7279 9383 4558 1845 6754 2163 7521 888 6114 7498 3381 6346 733 4399 9494 8954 8352 7948 7001 7565 6413 4630 285 603 2257 3909 1615 4099 7055 2585 3535 2934 7719 8072 5176 9033 2662 1468 4669 2863 7714 4876 1525 3620 4888 6182 5809 9579 7229 859 9194 2836 9512 6388 7474 9035 383 6228 1112 3928 3653 1126 7733 4047 6344 3489 3781 8304 4990 5438 5289 6035 7430 7696 4148 6094 396 1047 7111 1142 387 2578 1063 8868 867 19 6410 9468 6775 2312 6474 8847 7054 8099 8172 4597 2844
7971 9729 4032 2852 3451 8373 3249 6858 7769 2094 9987 1210 2880 2366 4915 769 5389 3544 7988 6777 3552 8857 109 9583 1554 1658 6866 3723 6007 9245 9485 3481 2163 2457 6356 9815 8693 744 4752 3145 2282 9245 9995 8308 4663 9209 3885 9684 2874 3995 1951 4464 3112 5725 7595 9599 4246 3213 2856 6010 2266 9925 6098 5963 3105 9706 1562 9768 3909 6091 2169 549 1698 339 8029 1429 1355 5846 5050 7435 8741 5410 1521 9853 2930 248 8489 7857 5853 1995 5381 6130 4290 8564 8796 2403 8879 7507 9230 478
4961 2605 4639 7898 1101 6026 3735 926 6337 6563 3989 8127 7857 8012 2308 6056 4441 860 3906 4723 1993 7913 9105 7894 5187 6444 5600 4715 9177 4919 1737 5731 4278 3691 597 7407 7868 2300 4138 9603 3834 4517 3412 4438 6895 2194 3889 7922 1004 737 3127 2564 5267 4574 8505 9414 5923 8550 8097 7894 6326 9266 6644 2313 5955 9923 6501 8745 4990 7645 4115 9114 1740 2801 4700 4275 6626 2046 3173 5600 81 5233 4794 4331 9556 8409 9006 1212 2803 5600 7661 7840 3427 6009 6348 7677 896 4458 7861 7888
4312 1069 3326 4757 6052 5370 9811 4928 9857 6788 7831 8876 5800 4980 3810 9346 7738 9860 8606 8220 6887 3616 2870 9585 551 1232 1651 2721 7013 6338 922 3896 2460 7237 5910 1019 2332 8425 792 3585 6827 6321 5703 8088 1057 3136 7185 8474 7171 8783 2107 3628 49 5562 818 9574 4061 4443 862 2193 9337 2470 9303 523 2011 697 4234 7694 1778 4197 3874 6837 4769 227 2449 756 9311 9104 4770 7704 7473 8435 9496 5848 1500 3331 5618 6154 5153 9099 4183 6480 2394 3947 9463 6051 4722 5847 3282 1535
1394 2960 8843 3983 4421 3902 5869 3122 3765 4323 5081 260 9321 9474 9648 9191 14 7655 6289 9309 3433 7974 8343 7647 5249 2529 9346 8528 5830 9388 5649 7948 8851 5359 9114 3240 200 991 2942 5283 8561 7309 9249 969 9020 4056 3984 1000 3562 9573 3872 5496 5910 5946 8100 1096 3363 1741 6216 8620 3397 774 7797 9992 8417 1281 7855 3241 8834 4948 421 8267 8953 7695 822 5095 7423 8680 9532 2856 222 6551 4404 2832 4021 2126 4081 1975 3255 5715 769 1883 9683 3755 9878 5856 7046 7211 1774 5206
9330 4582 384 6339 8939 8007 9304 2489 3059 4390 9573 7011 9508 4859 6543 4344 5412 7509 6445 1436 7277 4859 5578 3856 1668 8809 5632 4477 9168 1959 8479 3021 6422 4957 7072 4165 1437 707 7649 458 3087 8998 1009 5215 3923 6194 6323 1907 1556 8765 6247 253 8250 5958 1150 3857 8420 3451 837 9248 6606 1311 8889 3692 3690 6026 3656 2330 6423 7114 8539 8067 6149 4219 7913 7013 1142 4641 4415 4724 3612 4555 1865 7385 6247 6819 5581 6259 9296 5865 794 2267 3059 2027 1639 6827 462 8572 7796 3200
6311 1688 180 6915 3206 388 9720 2445 1171 4390 9907 7947 1519 7766 7457 5476 5342 1906 7845 8006 8412 8189 2430 8379 7232 7030 6984 7873 4051 175 5183 3699 9711 1777 3417 4386 5881 7692 2383 6929 9 4156 4948 7945 7427 695 4937 2985 8669 597 7037 5701 2056 8252 8414 5917 5695 8588 2955 2043 3613 9268 4076 2781 7098 3819 1285 3346 9165 9354 5132 8527 8250 3592 6055 5067 3347 9847 6316 9661 5207 723 7852 7249 6375 937 7895 8860 315 6008 8326 7392 5702 9089 6982 6946 9298 6282 7422 7352
5173 9917 1692 6599 5130 5543 5582 6664 812 5643 1811 3617 6180 4639 2880 1304 2014 6048 2939 3240 10 5514 7799 8451 3986 1968 4173 700 3025 9205 4253 8816 6265 2886 6417 2545 7053 703 8124 5324 2526 1603 5392 8778 1038 5854 9018 4626 9624 2271 6374 8619 5799 6421 2867 6031 2832 2739 5168 1264 3960 4918 4551 2166 8694 6288 1454 1460 2456 5871 7885 9280 5929 8478 2018 3325 7894 4490 8513 6278 587 3669 6263 7701 3065 1643 3610 3545 1880 7576 4233 3872 6504 38 9166 7596 6052 5383 3756 3773
468 6703 3834 1725 8276 2871 9420 6090 2069 4087 2432 3288 9387 8962 9202 5515 8174 2505 3740 4121 8292 8663 6279 8322 3224 538 5549 2281 4381 8848 198 305 2839 4901 3880 6828 3395 4846 4940 709 1556 7479 9161 582 4151 2740 4829 3772 5088 9043 8580 5309 8291 9605 7359 5374 6985 6267 7463 355 78 6838 9103 3693 3960 2419 7511 7604 3122 4915 4845 8485 3514 7444 132 3706 9803 9890 7919 4511 623 2274 7196 8262 5191 1886 7710 4794 7429 258 8296 2684 8016 1791 6898 8315 3120 27 1451 9975
2642 2949 266 9066 493 1570 3578 162 7515 4484 2899 515 1921 2116 8151 9880 1529 5763 1858 4875 5538 7926 6523 5444 8650 9126 9811 5418 9653 4397 6268 3848 5964 8385 4607 2868 4515 782 1143 6202 9530 243 7444 4066 4056 3942 4288 6416 2853 2670 665 3783 6596 8810 7107 5439 7896 4416 8770 7967 6952 570 7544 7013 6404 2807 3221 6471 5955 4843 3032 3193 2977 3805 2168 6626 4442 9895 1835 990 2834 9543 4836 8752 4041 3283 5212 7147 3265 7007 5207 6917 1007 3876 5991 439 5571 297 4021 5621
6185 4417 3159 664 1305 99 8975 1325 9325 1562 5977 2418 7198 5278 3255 1621 5699 2641 9538 5500 7529 4777 3174 2534 405 4526 6565 9290 8350 4202 1491 6186 6583 3807 6373 2303 195 3188 9677 8521 4591 1704 6067 7400 1457 9859 7757 9919 3362 5889 1992 818 4596 4099 1388 6790 2320 4597 5078 6764 9933 6010 5296 1172 111 3714 9787 6353 199 3134 4802 4889 7094 8176 3908 1894 9656 9586 2018 2221 4557 3121 7472 6625 9214 6809 6947 7406 4988 6049 4769 2556 6438 4117 404 594 2703 8477 3138 120
2049 3978 283 5232 3178 1289 941 2891 6845 5440 7442 2693 5077 2158 8604 4951 4897 178 3763 461 6163 4170 4300 9499 9960 6736 9573 3228 5175 3871 7979 7773 9798 2530 5982 8662 3291 3648 4296 4979 9428 9822 1077 4597 3978 4984 1913 2222 7689 52 9402 2611 1002 6516 7775 4362 9614 2463 1258 4780 2185 5493 7280 7924 158 8150 4332 5191 6666 77 7645 6362 1807 3039 3719 3109 5350 4119 8660 8070 104 1129 2869 310 5749 8195 141 5303 6283 8271 762 8111 4349 3943 754 6249 8204 7511 215 9946
2834 9847 5438 1074 1766 5423 5659 6583 3880 3489 2599 3991 9992 6817 6518 1611 7815 8543 9024 191 8058 4676 330 1845 9754 9753 200 9499 4053 1625 7238 7084 3752 7647 429 7384 5205 3841 2648 8633 3942 3242 1767 7598 6639 7228 6405 6672 6815 3362 2253 2549 1548 1479 7312 1169 9572 7328 2946 8211 6734 193 8830 7483 4696 7408 7781 1856 1953 140 2439 6646 7043 5307 9432 279 6757 9807 6988 7299 2663 4481 1838 2857 6509 7616 2184 4533 2982 8329 7786 2845 6452 3570 8142 3421 7126 699 8028 8869
5218 2103 5327 9779 5785 9263 6407 224 153 8187 317 8786 3131 7129 5889 2479 4154 9858 7923 355 7942 4786 4440 343 432 2656 9288 7136 3473 4898 1185 8908 3655 7029 6880 9139 9026 7228 2532 7394 9330 2034 8494 9339 7951 6379 8200 2246 5568 965 7916 944 1617 3872 244 4086 9964 8871 3059 3821 843 2354 919 6916 2303 4122 7504 9246 926 6347 6128 9625 4431 9267 4652 1258 5753 590 2125 6952 8061 5844 4032 4040 1107 6600 9309 6135 2304 5948 4162 6926 2070 3048 7039 8227 8058 3369 4527 8175
8812 6839 3635 5114 9147 6226 622 489 2895 276 9194 1745 8835 8464 5706 6133 286 7867 873 5462 560 5380 1982 7310 188 2023 8331 7215 4589 410 5756 9447 2395 3412 918 5043 8520 2269 4139 8725 3991 1590 8500 9225 586 8214 7098 7554 3506 6835 5925 4135 5317 2462 2150 7571 7418 1116 1544 546 4652 9295 2036 5313 7612 2479 7610 2638 4122 9172 3396 2048 3116 3419 2410 4156 2555 2173 3674 4808 6812 2684 9102 6795 4865 626 6205 3058 4292 5939 4341 5495 2117 813 7316 1857 4667 115 3661 4780
9712 1284 5362 1835 7949 2869 5863 5894 8439 2262 5769 7292 3769 2571 2930 7610 3129 408 1836 9050 8410 2587 3434 5391 1502 7409 8422 4211 7725 5211 2036 8174 4274 6675 5095 1521 3980 6667 9983 8346 3580 3260 4360 3779 6125 5465 2917 9270 7747 6457 7631 2723 7376 4663 1670 3913 2707 870 9777 1230 1248 4061 9578 9097 7907 8702 4016 6893 3403 8246 8840 6242 9652 5787 1550 9978 2464 2150 1856 6035 9664 7502 8199 8592 4088 9466 3381 3826 2827 3076 1560 6128 5895 5778 9100 5190 399 8502 4588 230
2645 14 8541 6982 2685 9019 9492 2511 1850 2540 2146 8121 7328 7885 6673 4227 3426 1977 2730 9468 7532 9967 4872 7416 9236 3069 9798 8642 3325 5253 871 551 9529 7700 6521 4118 7528 5994 8165 9246 3869 7770 9092 5373 2398 9076 8541 2711 3623 87 7387 7404 9854 7240 5272 5434 1286 1950 5233 2622 2935 6275 1565 7343 6451 4183 7468 8873 817 7916 5496 834 6353 9428 4547 1263 7176 8139 7080 2739 2467 2841 4562 5614 6605 3370 8085 2540 2993 3612 7734 1566 6257 9506 5771 6815 4256 8231 3597 1416
9078 2752 390 631 6357 2251 7540 4719 5166 1978 9966 4726 268 9363 4348 7833 3868 6863 26 3851 7925 6385 9092 2114 6885 8874 5168 9198 380 361 2984 5232 3669 6544 4110 8978 9768 1230 4971 1499 7133 2938 6298 2337 3890 1383 8280 4627 2359 1523 909 6022 7786 3595 3588 5834 4520 4813 1175 8058 8907 3237 8217 414 7294 4359 4172 7004 150 6730 7015 6806 6917 1912 1086 6351 9128 250 130 3247 9164 7921 1935 1222 2850 3864 296 7683 7143 3190 8556 6343 1997 712 4754 9634 9318 8422 440 3274
1909 3076 2668 4750 6908 1809 7102 3107 2498 3919 7984 4536 6998 3236 4594 7408 6725 1189 636 5156 1642 1374 44 5245 9698 3333 9002 7871 9413 7060 7881 5308 486 1482 5450 4724 5652 1361 3192 8997 2533 8485 7205 7461 1648 276 7486 1973 8079 5975 9721 5363 3510 7718 2893 9981 8479 307 9741 3353 5607 7229 1239 9975 3168 8297 1425 4906 8051 3935 5180 876 1159 139 2623 8510 310 7508 6475 5467 1539 1425 493 8162 6795 1101 8334 3590 1859 9171 1818 8243 4302 1512 2734 5142 1861 3675 3945 4294
8994 1022 5922 3598 1582 6521 9309 6404 8043 7275 275 9911 9078 1772 2915 68 649 7498 6715 6232 2781 589 2655 9864 9274 7371 3397 9237 5031 4852 6643 815 2736 8819 3865 4285 5334 4443 4781 6301 4117 7566 1836 7143 9595 2214 9253 3529 4395 7703 1553 3036 2112 8668 6984 5246 5141 55 8765 6740 7260 4087 7717 6116 4137 2970 3290 3784 30 266 7354 4060 4362 1042 8678 239 3224 3098 7547 5389 755 9615 5323 6960 5726 2684 4352 8663 907 6867 7797 9343 206 2767 1416 6332 4755 1446 6320 3139
2505 2368 8061 2534 3429 556 6804 501 4232 4623 1941 5173 7072 9672 6408 9610 4642 8254 2292 5047 9956 8780 6117 6496 5712 8941 2839 1513 1385 9680 9223 9333 1112 9696 2522 8904 4930 4610 3046 1725 9310 8279 8215 7577 1832 7810 2438 8717 5539 6787 6166 5983 1735 5217 3297 7954 3319 5006 444 5499 8952 6469 9288 3965 3830 9346 6808 1542 8967 6313 4097 5331 9826 4311 6209 4425 38 1339 8630 7932 1132 3202 8482 3255 9719 9796 6555 9297 7784 6134 208 6741 8608 3012 5658 7888 7103 5947 2334 3765
3529 8082 4595 7196 7763 4532 348 5798 6587 1219 3871 5090 7435 1247 619 1489 5250 4934 2785 4570 4813 8022 2068 8434 7108 3892 1396 1481 3075 4907 1920 1011 5759 8766 5787 2174 8384 9487 4623 2050 6013 7984 5810 4725 7535 4840 6335 5641 2781 3329 6850 9763 3018 6892 1983 6198 4244 7316 7807 6226 8449 9933 3157 465 9538 4460 9773 3509 3603 8724 2931 5871 9617 6165 7125 6782 4250 3822 8738 1374 2624 6143 5500 1774 8947 1226 7507 9022 3260 9749 7598 2367 7409 918 3116 7695 8019 3149 8723 6260
9451 2 1323 4336 874 6373 8737 5180 9439 2107 4674 9080 6139 6626 8113 189 5072 7643 1646 1495 9991 9150 9769 6384 922 4044 7903 5540 2345 8409 821 4602 567 9996 2110 1581 9445 3823 6184 3800 7749 3987 1106 2037 9401 9023 2214 6569 7036 1496 2966 8554 9800 579 749 6764 6454 8414 6495 3833 3952 833 6809 2099 578 1083 2711 1846 2793 4098 7420 3371 8972 8594 3557 8786 1786 6439 3111 7080 6213 6389 8178 9310 2025 1464 7450 5209 8114 9217 2906 2398 957 3545 1892 7040 8965 6746 1150 3622
4824 6803 9417 3865 2418 8100 8072 6570 3300 790 8546 2198 7922 1161 8736 21 3425 6124 8905 1801 2532 8181 3247 4406 6845 418 7721 2904 5148 6918 5928 9061 6629 8925 319 710 4159 5179 6799 9700 9087 4812 2525 4033 1120 4926 6369 620 639 5414 2973 2241 5427 5762 5675 3200 8532 8155 9448 3364 5548 6072 6135 1134 4360 6639 2798 6071 1176 6221 877 6685 7395 3825 196 9085 4951 2114 3712 126 5670 824 2872 6694 4082 6032 9354 3566 3866 9320 7739 9516 5679 1081 7859 9687 6223 1870 5215 8791
9528 1905 5160 7731 1314 2619 7707 3095 3012 9618 2190 5334 5789 6931 8280 9578 5429 272 2651 3376 4830 8934 6961 4809 498 310 1267 2055 5933 1776 6587 7971 1627 6320 2394 2058 3499 1383 5009 7431 3671 885 9897 2065 852 1287 1679 4561 256 7750 9346 8817 8009 9879 354 186 5475 5717 1221 2085 9520 376 9976 5795 7063 2021 5469 8196 2676 708 6302 2737 8832 2869 5057 4549 6212 8756 5703 8643 3756 7398 3563 1030 4812 2478 3467 8615 559 5563 8921 9602 2437 8866 7566 7570 3234 3866 1014 5659
1671 4286 2608 2427 7099 9730 1454 1539 5539 3980 9848 8076 6995 9334 590 289 3430 299 3392 2907 2455 5764 8456 9918 5193 6718 446 1817 162 3612 1892 1613 4402 6815 8988 7294 1351 1333 8099 8615 365 1161 4515 391 3920 1742 3508 214 8501 6856 7029 7788 9892 5278 7219 7071 3281 6507 7225 5801 8816 5045 7893 4707 2444 6688 8250 260 2276 7460 5171 4116 2078 7699 2999 1427 1681 3419 7402 571 7233 8437 8750 1321 4447 6051 3708 7812 4279 9372 4654 7617 6520 7505 7738 8557 529 5322 362 8655
3495 7474 9218 2429 7722 5384 4167 5510 8295 4992 7914 4434 8982 9176 3934 7214 5574 1185 5838 5174 5708 2534 2732 4197 2628 4557 442 2556 5384 4308 8640 448 6943 8813 9708 4700 512 9900 9407 4966 3783 4117 4039 9125 3520 7826 3219 9798 2265 1208 911 5152 2936 8483 2675 3838 6046 6964 1532 2877 5965 5196 8217 859 9603 2331 7610 3149 3189 5144 4662 5156 833 5644 3193 1558 6219 5890 8560 2813 7084 7422 5107 8561 4154 2786 3431 1195 3521 2648 5027 1014 6948 3183 7134 5541 3950 7567 4568 4389
5302 9724 3531 5092 2108 2086 5204 8053 6914 5323 5770 4000 513 3439 2106 6432 8157 6573 5360 8133 7067 5370 8685 6286 7204 2701 8393 4243 3768 5964 9602 9464 8025 2528 4940 4533 7289 9181 4570 2786 3127 3996 6839 8795 8889 4603 5799 1910 6422 3530 8276 12 2509 8337 9042 4810 4969 6566 1500 2273 4565 820 1612 6344 5893 8155 445 1489 1553 4919 1669 9120 5908 5508 1874 9632 5304 8101 431 3582 5810 2587 4045 114 13 9793 1889 3102 2911 367 539 4631 303 4156 1915 6436 3383 4790 5810 161
8882 5490 8112 4102 6216 7469 5963 106 836 4784 1482 2093 9050 9907 6412 3770 5670 9393 3987 4389 4736 2820 3306 4664 8287 1155 3676 5016 3312 5267 2554 354 9599 1524 3498 3784 563 5244 2033 6006 3124 9048 5761 1432 8313 4804 354 8682 800 1226 7433 9021 6015 6447 2956 8630 954 6409 9157 4357 4648 7950 6355 890 4025 2368 7765 5919 5406 1525 8711 5459 5132 8623 3689 5405 1052 9723 7180 6009 6197 5381 4440 7857 5054 5946 8418 612 4915 8860 1532 1052 5643 7246 7500 2594 2937 8512 9947 5531
6907 85 2302 3240 7501 3931 5866 2272 7835 3182 9459 3475 8011 355 6533 4399 7529 1865 5204 4544 8312 7911 2900 1928 2899 2059 7841 378 2829 2904 4283 3719 9248 1664 5946 8487 2414 3806 463 7864 8872 3088 2684 1829 6569 3344 2299 9132 9857 1590 9853 1281 6283 2271 4391 567 5988 9607 303 2003 4757 8840 6816 3430 1852 1327 3686 9824 6845 3497 9187 7392 9253 2597 6572 2941 4753 6279 6226 1033 5911 472 7547 5693 8018 8849 1310 2750 5576 2072 5440 5226 2360 365 5421 1179 5026 8710 3386 2722
9992 3631 7253 6519 3396 448 2829 9661 5922 6684 3094 633 7860 1018 7793 6714 42 6580 158 5310 2234 9076 2679 4476 5921 150 7475 8898 2308 895 9511 2346 9391 6107 2307 1467 8521 7311 9444 161 8917 4774 505 3547 7702 3439 4611 6314 6189 896 6567 7212 5501 7705 8076 656 785 2089 179 5004 3614 6933 2796 7750 1914 9458 9385 4493 6888 3424 2126 9955 1931 278 3814 8660 2661 1437 2619 6395 1539 5198 448 7337 8225 1389 5874 3035 8825 6431 5846 6921 8506 6216 7573 2636 4021 8339 7436 8947
7998 3430 1390 180 891 5354 9031 1712 3742 2648 5011 4371 2905 444 3231 8957 9762 4577 9884 3044 4047 222 1056 4023 5978 5959 8703 4973 8017 9711 125 7409 410 3682 8388 6155 1666 8773 2996 5284 7917 2748 175 135 2150 9685 6362 9869 9149 7135 255 841 7308 1486 3325 2739 9578 5097 6803 1086 9384 1118 3542 29 7537 1126 8986 151 7173 8422 5269 2081 7005 5562 2490 7650 564 4049 8489 1546 3015 1205 5755 1365 3869 649 2012 2783 459 3264 2265 5796 2269 8344 4298 1870 5666 7345 5145 8427
9916 6959 5041 886 4572 6449 9503 7549 3495 7395 4119 1121 7726 5591 299 3533 1080 825 7577 7204 2467 9947 2573 9944 9062 930 8173 2961 1919 956 2928 5327 2534 8358 7581 3996 6777 154 1466 6771 7798 8632 4133 6765 7594 9828 8752 4185 975 9687 3276 6913 5982 1091 5821 33 5380 4828 2729 9776 9942 4813 5457 5145 2833 8372 3448 2228 9404 3187 260 737 5399 2512 7672 5321 4080 4170 8850 2668 5058 77 3771 2340 7393 1088 9506 4770 8655 1665 9415 1771 957 8033 6336 5478 7521 4279 2577 4782
8079 4006 4510 4413 8685 6337 924 2758 3292 1412 3958 5042 6655 7412 8669 7683 9840 5799 1752 21 4009 9137 425 2542 6285 2384 2506 8490 9984 3157 6495 8618 3471 6789 280 5177 4384 4002 7781 3532 4587 1172 353 7941 6654 2441 9060 7883 4905 6075 176 5145 5091 4581 9820 4265 9046 9606 7554 4675 9389 5394 5350 8862 9289 1195 6736 296 5726 2609 1192 636 9521 426 6089 1577 2268 9770 9425 6432 1694 3131 4780 847 8037 2215 2796 4442 8518 7673 9699 1841 198 5584 4936 2091 8242 2167 9605 3976
6870 6015 9176 4442 8448 5744 1721 2817 5263 6897 905 3702 2264 6439 6584 9327 3086 1058 1730 9156 1936 5578 1304 1058 7098 1584 4536 2129 3901 6476 161 6404 9888 8909 6560 3099 3404 7328 8996 752 2949 6406 8249 8299 4411 898 4312 5842 4100 727 9517 3651 4402 242 4363 9096 8992 8201 6955 6888 9744 3092 2525 4828 4780 606 2659 4679 3118 5339 8901 8296 7832 3317 4182 6225 1937 2890 7520 10 167 1312 8454 4219 1893 8422 2360 9880 5506 959 3211 2851 2384 54 6531 1960 9037 1617 69 3000
1093 4915 8208 4161 6499 105 1883 7021 5367 1967 8937 4414 5196 5845 7720 6565 5081 6535 5950 8992 6048 2527 7154 3902 8170 4857 4918 2627 6322 8839 2876 7030 9095 8267 7095 5257 7444 9301 5700 742 1294 4220 5755 6763 8980 4571 3876 6495 3905 8988 4419 9191 8193 6214 2945 2732 8425 2494 8915 8233 4490 987 3635 6457 7206 8 6958 8785 6813 3454 2533 54 329 6576 7712 3908 8287 6717 6310 407 9990 9324 8294 7199 219 5957 1350 3654 4397 8282 9415 2108 6025 4515 2437 842 3622 1317 4510 5701
5775 5575 4871 3508 3811 9655 7884 6161 9396 6146 1045 1135 7209 1268 9191 922 3472 4890 7018 5928 17 9026 859 295 7525 3489 2731 1113 4215 9242 3674 7458 6397 461 3543 1696 9862 2517 613 3739 9003 9041 6470 4702 1785 5775 5444 2392 7834 7929 5830 3610 560 1090 9919 3110 1513 9940 8617 3337 3792 8932 3198 2737 727 1063 6047 1976 4313 4888 2765 6993 957 213 6826 4742 2215 6724 4698 3456 6856 1617 7776 9843 1566 5021 1802 6881 7361 149 495 1220 2424 9063 383 8259 7664 6891 6260 7271
8157 735 3849 1833 9339 7127 5336 6718 3753 2353 2256 329 6990 6251 88 4084 5513 4369 2986 5111 9788 7248 9871 4969 5925 6994 2065 2633 3676 9430 6561 488 4140 8699 9345 3906 2526 11 9394 5132 2932 8819 4221 4825 896 2792 7927 9263 7364 8884 1218 2061 7154 8511 6455 8942 7718 3788 1356 8674 757 8797 36 8478 87 2845 1597 7475 3164 4615 9060 3280 3259 8163 9749 8250 4287 96 3662 1310 6880 5018 889 9243 2814 2746 4176 6685 9149 7319 779 6164 9593 5706 1390 2182 3065 830 1382 3781
9058 7479 5539 1828 9208 5137 5781 6213 8873 4084 9211 2016 7952 5279 5120 3248 497 9968 2482 4764 8389 9275 1012 8784 9094 6694 4943 2887 9506 7146 5362 6504 8431 5134 2609 3832 6110 4324 2675 7548 2067 1190 5814 7757 1555 4167 2240 514 8616 5849 8842 7730 715 620 9442 4804 441 8202 2295 5106 9827 4196 4364 4650 2579 759 2816 3369 9229 7533 7300 6499 132 7753 5405 5947 5407 505 8870 9814 8484 936 4422 851 3169 8417 7563 5185 627 7854 967 4998 1422 4667 1320 2368 4496 9624 1984 1426
8304 40 5806 4164 171 8546 5165 873 1586 3153 8372 264 6954 7755 4482 6089 3992 8198 7826 5615 3824 8398 5238 1118 6684 1008 4463 4308 1763 8119 9021 9559 9785 3552 1970 5617 2595 7883 6542 7671 318 4042 8881 6696 6718 293 3510 3547 2208 4899 9366 7903 4957 6253 812 7379 5830 1676 5156 9098 8141 1700 7646 3004 2334 516 376 3172 6887 4687 8458 1511 5411 5993 4963 6503 7057 6720 8305 2116 4807 2878 150 9375 143 3933 3487 8716 1617 5176 2794 5573 7873 4291 6350 9043 506 2043 2843 1707
7491 7512 329 815 9455 9095 6142 8035 3940 5576 1256 5499 8002 3449 913 6828 6100 2748 4863 2815 404 484 9103 7465 4369 6269 4200 309 2874 1567 7256 5609 9193 5311 108 5701 5954 8331 8581 8936 68 9051 956 8293 9594 3658 9878 1433 9848 3436 2641 8828 7365 2560 7591 3939 8475 3961 8801 9626 3225 8140 6014 6714 2127 6293 9810 6329 6020 595 6002 6711 8817 6808 1378 2 590 1337 2283 2692 9860 7670 1116 787 6936 9706 5549 6620 9562 3950 9641 1777 8835 576 1779 5493 6100 387 8328 7123
2823 1655 5537 8088 6809 1834 1969 4362 4495 9861 8533 468 1539 1109 6385 5286 8530 3630 8521 2069 5473 4068 8499 9427 3124 5011 5391 2062 7946 562 4133 2320 4489 7834 7062 1005 3877 4360 1440 6574 1127 6804 6120 744 8882 6121 6620 7603 1482 9902 5322 9176 4468 5282 1295 4614 2539 2952 8379 2279 1353 7624 964 431 585 5543 1178 984 2154 4015 7742 7909 6177 4383 1539 6770 6841 8235 1256 9803 3279 8833 6622 2272 6557 3565 8180 2038 1041 5845 7388 5913 39 8369 2042 3005 597 7924 5775 2362
5557 8098 4500 2361 1043 208 7012 2906 4046 4944 266 2794 305 4279 6229 3622 4105 231 1572 220 2535 2395 8762 8476 7340 6248 794 5413 5828 6605 9161 731 547 8834 1064 3279 9967 3366 9621 6418 1809 7824 9071 5313 5124 8959 2634 329 244 957 5805 4126 8513 9096 7210 4320 4928 7455 8292 4094 8486 8564 8302 1428 4197 6731 6882 1733 7184 1998 9198 7772 3584 7569 634 6477 8162 6224 1665 9020 4156 1570 5261 2411 619 4142 1621 7803 5310 576 3279 2967 6317 1245 681 8601 8895 3282 7378 7623
4573 6806 7481 4204 7354 9922 4985 4716 819 7901 704 2229 6418 9140 5298 7818 4094 7363 5790 5180 9018 2105 7938 8069 4723 1746 3762 5738 7175 7036 8431 5023 5897 5268 330 2977 9256 3618 7046 6212 6533 9962 1936 6276 6487 5666 2494 4186 6730 503 3902 8451 6274 715 2178 5197 3926 4451 7658 4722 9637 1192 4430 1685 4534 6699 4195 1059 1728 7007 965 5325 9426 3895 9232 7147 1808 9399 6522 106 6396 8978 1579 6764 3056 4875 2080 8321 2140 3820 5521 5118 9460 3404 9730 9434 4358 3354 8057 2303
687 2029 3176 5506 4294 3258 569 4745 7110 6934 4173 3760 7783 9490 6 3197 2913 5138 3265 6343 9573 3864 1148 9799 1032 2589 1272 503 6413 4551 6726 5794 1867 4655 2537 849 3472 7391 7193 4749 9493 4670 2574 8237 6893 1012 360 8927 1737 3105 9194 7169 4333 9566 7563 5129 8726 7959 1275 8406 5204 7025 6631 4218 2125 5329 3791 1115 5222 3442 1621 6427 187 862 9406 7007 282 4354 5137 821 7100 995 4097 8566 6489 1537 839 9470 9627 605 45 926 7483 5637 4092 441 5041 7755 6943 2598
3160 9797 959 3561 7002 3305 1144 1700 513 9369 3391 2303 997 9572 8916 3010 3084 802 5544 5055 235 2607 8519 597 5029 25 7827 6674 8389 2792 2880 6638 6363 960 8547 8956 8687 5553 7707 6409 1643 5050 4003 7187 2644 4611 9699 9869 3765 6012 4163 6429 7264 4441 3677 3143 8227 5455 2543 4141 5716 3760 5706 1443 9146 2728 6811 5949 954 429 2822 2388 677 8248 3940 294 4365 9340 1728 2913 6307 2337 7925 846 8136 9449 3898 7273 334 7531 8576 1676 7110 2368 7795 5430 7287 2913 2627 5364
9808 4317 3684 4353 9419 5700 1764 7258 6637 552 4919 6047 1208 2370 1150 5258 208 1536 8576 2761 6728 7104 4290 7542 7986 2099 5090 735 6465 8733 9610 9138 1032 6038 928 2868 2107 4643 4504 7657 785 1084 3730 3325 3727 4477 5041 9757 3615 505 8884 5276 859 6034 2591 9166 9235 480 6094 7622 2787 1293 4549 3445 8182 2799 4003 8777 1840 2224 9513 5694 3050 2304 3137 5164 8133 5737 3395 823 6267 2047 5960 9960 2413 8579 3237 3691 9799 7753 6654 7310 1995 9255 622 9856 3144 7919 5270 3920
7510 2663 6218 3108 3812 339 7630 6145 7098 7513 1691 7464 368 5168 4442 6098 6388 8178 7040 1763 7423 7343 9744 7260 9491 6351 8812 6691 7350 3786 5856 6094 2223 8216 6933 5237 5755 7520 3135 3255 8533 9036 4707 7860 6287 6827 9056 1033 7449 3209 6425 7717 4322 6591 8787 2484 4603 6378 9344 4304 7612 1476 4467 851 3435 1583 2391 3765 1452 5973 3069 4124 8851 5513 3478 6082 176 8459 3524 9069 724 4224 4945 1574 3789 257 4979 2024 3648 663 7525 8885 2380 424 3030 6720 9943 9470 2386 1507
7981 8855 7694 7012 8156 3000 6572 3705 5298 1575 1620 2237 7796 2091 2961 8824 5307 1185 9418 719 5572 1032 7153 540 4764 5453 9914 5583 9972 4488 976 3087 6193 4800 8897 2208 7328 2133 3105 2479 8258 9587 9732 1502 916 3585 6877 1373 3556 1494 176 7549 760 3260 5863 4980 7013 7169 8834 8029 2832 749 4457 9038 9261 4958 3921 6820 6757 1124 1901 8367 2644 9059 1957 1136 5265 5816 2856 8170 5767 5470 1915 8691 3352 5010 3044 7389 3773 2890 801 3513 5644 4514 3472 9490 6760 8946 1046 8318
8178 4178 5048 2134 6384 1112 4289 2248 2581 7127 6707 6887 4536 2273 759 7222 9102 4612 5476 7388 4602 6551 8672 3805 7036 4472 3253 3167 9991 4496 9015 2322 4159 8294 6436 3496 7615 2040 7184 4966 5330 9007 8282 8487 9179 130 8972 3493 1962 5722 2240 379 5552 406 3717 2501 6936 316 5994 5858 1318 8151 9887 897 7377 8585 5252 1811 5279 7617 5170 1276 5742 179 126 1613 2401 5882 8076 9583 5972 7315 3104 9465 5900 9709 9997 8426 1136 856 8154 2594 6137 7434 765 9779 9975 8657 3501 6448
5878 7359 6283 9060 8783 9158 3891 9966 5459 473 2200 2613 5229 1535 2634 6588 8961 7674 368 7550 3733 2449 454 2404 3526 8237 185 1447 3963 1177 9558 9496 5297 354 3510 1749 6338 3148 7739 6254 9306 6018 3326 3345 4197 6189 1389 3711 4891 2267 1700 1673 4654 8778 1971 993 7776 2424 8480 9357 2592 8046 3194 832 4520 2470 9531 9233 1090 3761 4386 8757 3989 9654 2718 8918 503 1778 5211 7384 5020 8949 6927 7144 4165 4525 4941 4597 571 8428 6864 6537 7486 566 7574 633 5243 1669 4835 5983
1111 6664 1309 7110 1523 8592 7703 2346 7798 9355 2559 7796 7183 9041 6873 5287 7504 665 3774 3570 8892 9373 1713 6308 5352 7972 6187 3983 297 385 4331 3347 9811 339 1124 7290 6754 6452 2444 9939 5535 5093 8383 4014 9953 9536 5403 4469 820 111 3287 6166 9050 3962 218 1772 1705 3525 6587 4368 18 9234 7752 3597 6457 6263 6082 8120 3384 7690 8392 2741 7977 6579 4556 9793 4878 368 6883 4339 9378 2930 411 2366 7259 7568 6698 4094 7062 4187 3705 7966 3129 1049 9168 9489 3740 690 6487 5204
35 1633 1246 9223 8812 4324 4671 2647 1157 9414 9590 1157 6735 7019 4350 260 6811 4423 1414 1696 484 493 9716 8516 1616 7836 7631 395 7066 6158 9244 3210 8088 1077 4012 5295 6279 7950 7282 610 2684 8438 6549 4294 4100 4682 8586 2765 6047 4895 3079 892 1364 7905 4699 3733 1783 1314 1903 4891 1001 1385 6754 7175 8135 3679 2170 639 1306 812 2869 8201 8574 2773 9966 5549 2252 5957 4118 2707 1210 6805 2853 8414 2204 5794 5173 2074 3503 8809 6053 2923 5874 5032 7821 1659 1519 5115 5462 6811
3023 928 1096 8332 5264 2265 8956 208 61 7198 2781 2604 9993 2189 7999 3048 9481 7310 9420 7588 9488 6362 7146 9202 2014 7582 907 3249 5457 8526 7352 9790 7278 8315 4937 9679 7288 9634 7074 6638 3493 5687 5355 8399 4928 3113 5543 7436 4205 8304 9845 3964 8574 5668 1660 2897 618 99 3817 3943 3483 31 6014 3401 8003 5570 9861 342 2687 4667 5796 6750 8194 9458 308 5621 9271 1111 5268 8873 9831 2397 8613 3763 197 5209 3383 6373 3465 1972 9580 640 3769 6903 8718 2046 8150 6897 1993 4112
3627 9307 4850 233 6210 6874 4628 9787 6905 2497 497 8227 6638 7154 4807 3665 4695 5127 3877 9199 8649 2245 3258 3367 1410 3365 1126 5712 8006 6606 3836 4358 3597 9623 4444 8753 6796 5029 9014 8453 6439 209 8058 2182 2554 6391 8182 6864 260 6759 6107 69 2041 1844 5414 383 4335 9265 6836 3365 9857 6984 1398 1583 4444 7435 5317 2235 8892 9053 1119 6620 7738 3405 4840 7176 7517 5316 4023 1128 8743 45 8506 1638 4921 7008 323 6347 6741 3882 9737 1024 5388 5380 1304 8046 6248 2815 5274 3944
5463 892 5109 7284 7368 6505 665 5751 1158 8245 5122 1459 5893 5572 4329 4626 2943 2961 3074 7680 3118 4043 3253 1829 2838 1196 4502 3532 5235 1196 1207 2869 4191 3675 6851 4177 9279 2612 7459 6266 6219 9256 4251 393 6776 6501 666 1116 6445 1504 3552 9627 6619 1955 3945 7948 1375 3829 1840 1155 84 3170 9136 5150 4372 5338 4473 1010 860 8032 1981 7706 8444 9031 7942 7992 672 1682 6259 5095 1179 8638 9073 6910 1770 8160 3721 809 2593 2277 8888 6577 2531 5850 3689 5547 3192 293 2611 399
2670 3866 3938 206 6454 9123 847 5494 7904 3185 6862 3097 4211 6210 1412 5272 6913 752 4338 6507 7159 8343 1006 2929 25 5275 1888 811 4581 8014 9980 8938 3621 5883 4191 1391 466 6473 4569 5629 3305 4372 1656 3659 8151 8906 6455 8706 3164 3687 2251 3871 6600 2664 7477 1586 5565 1700 763 5554 1434 1373 6921 2585 5848 7581 8479 2871 233 2576 4334 9913 5296 3210 5294 2678 3351 6487 6879 940 3840 3942 8906 7432 9305 8388 8853 678 5897 8073 7723 2527 5926 6529 8477 9479 531 7063 8111 6620
1524 2308 8030 2513 8030 4587 9294 4777 5004 9426 7211 4428 4059 7699 2723 4431 51 7273 3496 8841 8906 1668 5389 7349 6464 8189 3736 2013 3863 4154 9062 9677 9154 3407 8751 140 5792 6658 3236 9927 2125 5647 4293 1613 4597 3626 6550 2647 6377 2480 8241 5141 3739 9117 8202 1651 1392 4182 3386 5893 9838 1540 225 1213 4933 9224 3533 4365 7155 2869 5660 6722 3461 5876 866 7307 5709 1231 590 1282 2058 2880 5746 8222 7698 3144 2603 1528 7720 6121 2156 7684 4300 4597 5861 3311 9750 8614 5756 6953
9967 4869 8272 9582 1199 852 6161 513 479 7828 3611 4103 6656 3361 5820 7587 1448 739 6977 8551 1176 3610 5389 1996 7274 8794 5459 8888 7778 9496 6344 6028 4346 3920 7276 840 4114 3351 2077 343 7889 3290 6340 6269 3274 7397 7098 8603 9913 6372 5562 8256 8926 5601 1463 3269 7959 5478 6208 2547 4783 9359 2582 2639 1100 9366 8122 9736 7661 5884 8591 8381 4396 5607 4994 5818 9556 9657 3442 3047 3303 2505 710 1588 5995 6446 727 7396 9163 421 9002 7994 8003 114 2254 6252 7871 4474 7727 5588
5895 7734 3036 2135 877 7909 6413 4406 8641 1329 8885 4985 998 3287 9901 7279 2097 6823 8216 6152 1445 661 9099 3743 6154 9586 295 309 2661 7816 9916 4172 4667 5967 368 9668 5501 2509 9540 5681 8687 1567 7697 6258 5924 4660 6505 435 5647 1002 7696 8696 7107 6320 7946 6538 7146 8198 9735 1279 4041 8225 3501 5311 6679 2657 1484 6787 6211 8071 9655 9761 4812 3700 7774 5092 8167 1331 5553 5538 7850 9902 2167 1751 5011 6853 2336 4829 6164 913 7427 3845 7878 3679 6771 8697 5476 8739 8765 5010
5750 6303 9200 9092 3572 923 8229 8295 4416 9266 5730 5291 2039 7248 1095 3253 5090 882 5766 5531 8504 3810 993 9189 8738 8891 9096 7571 4353 4513 9983 5437 6498 7739 5240 7184 9187 2052 5280 4667 9348 454 6546 1849 7765 9046 3197 1339 1399 4580 1928 9525 3393 1298 7216 5069 9985 2385 5043 222 8673 4798 7822 9563 2161 169 6785 9546 2941 3181 6895 1522 4130 2671 2066 814 3862 7403 2631 3709 1196 8516 5440 908 3654 3863 232 2910 3354 1141 4868 7727 5352 3917 670 3194 365 2808 9714 3075
4201 906 3026 9534 5906 7884 9062 5987 6814 8669 5456 6840 6818 7629 7892 4930 8535 2487 9161 4949 349 4458 1216 7320 9300 2853 4453 9688 9016 9840 6924 2246 1580 1927 8540 7410 8788 5526 4117 4458 8608 7476 4 4398 2810 7839 6459 953 5663 8124 8383 5335 2868 4970 8203 4033 2688 3199 6119 6089 638 4557 436 8140 1234 5714 6289 781 1975 750 9344 7576 2937 309 2321 5755 6902 1061 3896 6167 5176 1335 550 4096 3758 8358 9546 8137 3174 349 3990 5837 1214 293 2159 6929 9133 5581 6142 994
490 9605 4219 750 4841 7818 5779 562 8920 1226 3348 3846 8042 8730 8840 2322 8550 6799 9037 1963 7499 2381 852 8038 2327 5644 106 2135 457 5183 6139 7589 1485 1797 3720 9371 6070 1160 9659 7784 9097 4603 2684 1370 4866 6838 2126 5903 4748 2454 3033 8448 638 9504 2401 4863 43 6775 6492 5363 3987 7776 1029 3472 1608 2806 8645 9043 9977 3657 3268 4233 1004 9724 1833 9203 7996 605 9370 8138 4110 3959 7485 8078 3687 9202 7819 8703 3499 9646 9354 2837 8586 8735 6386 59 9187 3730 7611 7114
4742 6809 4216 7574 2556 459 3672 5340 888 4930 6207 6007 5211 8191 4029 927 1159 7547 8458 6269 7944 4040 9918 3584 7013 2700 6729 8933 3691 9556 8116 1146 156 5116 5618 6770 3067 9298 2989 107 6934 7777 1985 3351 1531 7169 4498 588 6735 8351 1442 4038 6028 2034 1834 668 3700 4919 884 8641 1545 9076 1805 1451 5300 9952 1737 2600 6503 4638 414 9387 274 1104 5782 8588 2044 8896 424 995 4209 776 508 5527 2611 3191 4184 5335 548 7525 8145 7082 3285 5846 1619 9608 5055 2358 6188 4636
8988 7605 6077 1051 7089 8574 8922 316 8088 2450 3913 6845 3698 2473 5836 2644 7385 9986 8062 3862 7632 8046 7488 8354 2039 4675 6280 8292 1711 8573 251 2526 3144 5137 202 2837 3153 120 5117 6229 9775 6999 8653 2220 3646 9860 8424 5732 7490 4436 1563 4656 8869 9993 8345 9264 2222 5925 356 4285 1516 4607 262 6495 7067 5708 5910 8886 6347 1669 2062 1507 3151 7933 5070 2965 3420 6482 894 2911 7585 7736 7332 4598 6352 9397 8223 8190 4673 702 7222 962 5821 6792 2522 8257 9540 4204 280 278
6481 196 2699 3927 1725 1344 5376 7499 2449 7971 2581 3159 1801 5913 849 3302 3543 7037 6456 8523 1571 8057 6406 9988 8874 1597 803 5834 1176 5815 819 4796 3138 3948 188 2970 9868 6850 6011 9756 4920 1947 8462 5453 3272 2652 5531 8834 3218 6518 9566 9109 8363 7517 9551 2183 2488 2795 7009 433 5122 5796 5467 2352 1701 4630 2716 76 8070 6174 1465 3803 7160 6040 9500 9248 1570 7844 3234 6784 7281 6924 7452 3348 7112 7773 5118 8054 5169 816 9500 9570 7173 18 4801 8384 7907 8487 9759 5981
8278 3843 8138 8068 3479 4276 4236 3624 1247 7236 7268 5437 547 237 3784 2270 9001 6765 1899 1638 9380 7024 9294 3401 8605 4794 3011 5775 3324 638 1803 8332 1925 4688 3301 972 7073 8294 3318 8136 1983 4231 1560 2649 9898 4302 3241 9586 6925 6125 6059 1336 4517 2406 9272 8685 4431 803 2548 9114 3181 1745 5240 2137 8837 9968 6656 7011 527 3415 8226 3447 6667 6789 4068 7862 4427 3764 4099 860 789 4458 5862 3548 668 1977 8329 2069 9617 3964 462 7 1887 5543 6122 9795 2150 6391 887 4784
6860 8427 1760 9460 7534 9799 9509 3133 2030 5097 5985 8278 3749 2925 3762 354 6811 2480 2728 9069 7980 7916 7069 1180 8592 4714 9785 6815 162 4996 7419 8892 2834 4404 2543 7985 2645 5273 7055 8641 2143 9048 9365 4736 4252 5249 9595 4170 5701 8663 6594 8540 9858 3777 7157 8306 9034 5807 3301 8801 9921 9319 5795 5853 9757 6049 8758 2419 8155 4882 9334 6846 1933 8118 8321 1509 6145 8287 7360 7317 191 2216 7975 1443 5066 2583 3936 1483 5966 1603 6590 5431 8741 2554 3640 735 5327 9598 7808 3590
8377 1915 1512 655 4730 4135 2221 3306 2592 514 3091 4866 5589 4835 5502 106 8582 2123 3814 8786 6730 6085 1685 3847 5425 4041 5337 9063 9200 6879 1519 9382 4047 7132 7662 8461 1419 2688 8360 4125 4293 9397 5263 7951 2601 37 9576 4414 6493 5083 394 8675 7482 639 4113 8994 7899 532 6610 8903 4283 4873 3279 697 9495 8204 9397 1185 3757 4905 5092 1330 2864 9017 9433 1028 7133 992 3970 2272 4631 8373 3202 1599 6659 8868 1947 1282 480 1466 5368 1247 9901 6194 3749 120 6170 8451 9095 2869
5064 9054 8068 2611 3622 4474 6195 332 6717 1096 3799 6220 5655 9420 4141 5390 5199 8545 2423 9516 4266 4617 2629 1649 623 9505 8977 8275 683 4454 7523 7821 1540 5421 2143 4576 6958 3548 4103 583 7444 7939 2795 7780 7440 5258 5581 7578 3077 7779 8648 218 3507 2214 7546 641 507 9722 4812 1881 9603 7511 1053 8864 614 762 7986 5887 7802 6597 2606 7311 2097 9442 3680 7019 6970 763 7445 7626 3191 4562 3685 673 85 8668 4581 6226 9159 1123 4325 8340 8810 4575 6992 5054 8189 7043 7075 5087
6122 3371 4304 8531 4057 3985 9281 256 5255 2983 3106 4781 1996 1029 36 7711 4086 2748 4074 6625 7790 7051 3749 1613 4846 8503 3818 5663 6286 74 9508 4552 8354 2372 3735 9217 8978 950 3607 8411 3003 7683 2031 1131 6967 1351 5599 7794 9141 5293 5833 7144 9704 9490 664 8406 6356 1357 6243 3233 9242 4880 2590 9046 3672 8968 8007 349 6003 3106 4228 781 3431 3948 9350 9204 4124 1730 5677 9741 6834 8984 2571 853 7149 5017 2444 9700 810 5017 9015 5137 1200 9832 1403 1923 8026 2334 4375 9062
1484 8830 9493 1981 4400 4716 3885 9769 2308 5079 2069 7356 6995 719 6686 9970 6852 6921 3872 4234 5090 8147 6780 3834 7882 3746 2496 5993 3003 4630 3087 3367 5647 4225 1370 7142 994 2957 5210 6756 3149 8640 7512 6492 6532 5806 226 7450 9443 4506 5597 5514 5053 6391 8039 7647 2947 254 6488 2947 758 4762 7600 6682 9021 3713 8288 1207 8445 5768 8831 7391 9100 1849 8729 9820 8630 5189 7510 6828 7822 4450 6537 6892 5422 2852 501 888 4133 1208 8903 1984 1818 2551 7377 4355 7519 933 3697 1549
3678 1833 3781 3073 323 5397 2035 7336 9442 569 3390 5893 4037 7610 8493 5935 6713 6544 9064 5306 2812 8753 8336 4089 9590 7971 4169 1805 6856 8429 3210 236 5867 1018 788 4840 6486 6388 3056 6185 3475 3021 3014 5287 4335 8221 1674 1790 3466 965 2038 1370 296 386 9807 9176 3589 5681 9951 1164 9107 1943 4907 6383 9931 6002 5748 3069 9257 5291 8783 2943 3735 9256 4962 9428 1262 8454 147 7445 8317 6248 224 2032 9841 9948 218 5978 5429 8756 2983 8426 2279 4175 489 331 2028 83 980 7066
8863 5592 3004 2772 365 123 7267 6177 840 7467 6691 2430 4274 5243 3687 4553 7286 7600 5577 5526 1867 7756 9865 8591 7628 9761 3835 7429 9485 9190 1674 8773 4676 5814 1956 4806 1428 737 3019 2494 4619 393 1412 766 6116 2748 3370 903 6184 8483 1296 7727 1341 8077 2635 881 6142 3105 4334 7617 1055 8768 9831 7480 9638 245 8703 8022 5541 5343 7426 3936 3500 5989 6640 8813 7146 7544 2948 1372 4234 9721 8811 2362 9223 3871 2705 6857 9881 9131 1096 3496 8307 81 9916 9715 7652 7758 3607 7591
6645 1873 3493 6640 10 5972 6407 6346 7877 5715 7966 9808 9682 4094 5486 4361 3201 3684 3925 8415 7238 4285 110 3619 1087 7767 2268 4764 4643 3675 8553 568 8463 3793 842 6738 4569 503 6472 4478 2761 7276 5572 6698 7933 9721 7623 4886 3321 7319 2805 2164 6139 4804 4077 6940 9534 5835 3409 4562 8337 2650 8591 5747 2070 9668 7582 4065 2178 3304 7736 5829 102 4979 3109 8814 8740 5607 2243 8333 5401 6799 7412 1887 3511 3544 6727 8641 8363 406 6228 7440 7021 7279 4319 7827 3519 2397 8575 5011
3996 3135 1531 6571 6656 2005 5879 3820 8281 3750 3949 119 2475 6135 6463 2753 9931 3346 9901 9397 937 1174 5560 9888 888 3768 8035 1755 1847 1938 2031 8101 3954 1109 3369 2438 6925 6240 9965 653 9640 756 5372 3334 1881 7069 5163 1901 5512 4406 4766 5363 5100 1323 9221 2946 5490 8948 7525 64 2524 4332 3406 8931 3733 49 4986 9065 1501 2348 734 2435 3928 2596 1748 9286 877 9269 7759 1486 4523 7486 8405 218 1220 5320 4142 3268 2188 2219 5052 3701 6660 2025 7394 3242 4233 9110 3400 9192
6685 5197 4738 3139 6360 9545 5143 5842 3009 6124 499 2183 8826 6163 595 8457 1294 3462 7531 4723 4912 6411 4870 2007 8240 763 5564 3695 6664 7278 2595 5535 2022 9843 8001 3963 2961 3022 6785 8438 6070 9906 5022 4471 1721 4101 2399 383 2276 4388 17 878 7340 2812 9426 4450 6356 8048 7990 5510 8973 6733 1582 9108 1295 6043 6529 1793 2901 4425 9657 6072 8816 9981 2973 9373 7368 8363 9061 6432 7825 7355 7187 4948 2443 5375 4372 3237 6166 3884 4968 737 6004 8188 8837 2257 3393 2851 9248 2005
839 3602 2245 1235 5832 7812 1605 7025 685 6524 9406 6379 8564 53 7801 9796 9757 9283 7888 1816 453 5226 3540 825 565 6386 6465 8666 6175 7019 7360 8122 8548 6225 5499 7788 1162 2447 7837 5303 3562 4798 6804 9262 3378 2415 3331 3041 121 1124 8057 5361 1027 4663 2573 8607 2304 9819 7606 6170 7133 2032 6841 4448 4865 5851 2834 9697 9907 663 9886 3762 9461 1032 7885 2278 7872 1915 3752 7792 1144 6155 8948 6860 4947 8781 1833 614 9519 1316 1686 4928 1079 9296 5148 4235 4586 2667 6900 8710
70 7026 1236 2752 6928 2406 769 7178 7779 3637 2716 7658 4269 7738 754 117 1348 7719 7296 199 585 4558 2047 9529 106 7012 7553 7762 2184 6919 9260 9411 5564 7044 9720 4335 7819 6066 6124 2370 7314 6306 5736 5873 4888 7 7961 7870 4502 5347 9938 9867 9213 8609 4016 8862 4534 2332 1913 6553 9106 7964 4030 3130 1019 7500 6840 8662 9818 9562 1533 4057 2648 7790 9467 9223 6538 268 8886 3187 2633 6077 1561 6058 1815 4844 788 2539 980 6386 8874 4648 6859 278 8680 6444 7420 9004 7902 6575
1123 8965 6251 6753 9080 3273 4611 7132 9192 1177 2204 9761 686 5281 5790 7979 2634 6158 3345 9945 4735 4405 4121 5158 9477 2275 5562 7156 9712 4967 8536 8905 8656 1399 1544 9537 530 2091 2380 4048 6801 296 1867 2796 9873 5292 921 2994 9960 1936 857 379 2998 7660 5620 7064 9198 4995 5100 8223 7552 6613 1103 7985 6906 1915 2854 5034 4941 2475 9650 6877 3497 3325 3885 9945 1964 4713 6870 7389 4762 121 468 5301 6898 5280 4132 1163 9558 306 7826 8688 3061 6466 9579 5012 4451 5994 3876 308
7989 3018 7055 4454 9073 4867 8030 5769 7556 4838 4472 4225 7813 8001 157 8124 9077 8224 8711 3119 1922 2536 5338 7585 1249 1825 4678 241 1718 5517 9170 988 1329 6694 9081 5595 2816 4855 5517 7950 5776 8618 8275 4358 5798 7001 1163 8980 3732 1398 6303 6460 1231 971 281 7599 8410 7533 9844 8180 2914 2841 7119 7035 3899 1789 211 863 9202 8457 6516 2528 3569 4686 3753 1172 2500 3693 9691 1068 3448 7732 239 2059 6110 9381 8664 8720 6282 2552 3587 1140 4173 910 5644 2480 7046 5692 8420 1090
8322 2725 8757 1768 7826 9202 7325 2944 3639 4395 1337 2631 3265 9031 766 4262 34 4893 7750 7802 4695 7931 8029 9600 802 8608 1773 3864 5406 2100 7486 2756 4735 4519 6206 4732 3617 7213 4461 5758 794 50 9628 3472 6919 128 6754 3111 3686 7492 682 1697 2959 2463 1205 4926 5763 5124 8333 4667 6219 1336 4514 1665 7728 5080 2551 721 3447 4337 1939 3854 5541 5239 6665 4847 4645 6841 473 7999 5167 5018 5465 3675 778 6306 7356 1025 2021 5258 4138 1717 624 1430 8116 8799 427 4225 1687 2245
3640 1516 3010 9282 9592 7126 4195 6066 6713 9118 7617 1158 5716 4124 8568 1380 4586 6672 1738 163 9316 661 3586 7442 5967 1321 4789 9858 8064 8422 7548 1577 6168 1161 753 4120 2474 9667 3569 4529 9343 5055 9508 5304 3132 94 3327 3933 9559 8455 1730 5614 4414 1475 689 5359 2840 4695 5879 4537 3889 5928 5430 6096 3733 1811 6810 3328 7222 9858 128 4613 2291 4676 7011 7793 5660 6163 7274 209 4381 8498 1832 3544 6206 9319 6227 1231 8449 4454 6236 8764 6754 357 2447 5183 7990 2537 9636 5981
1624 2158 6184 3747 5329 1832 9411 9973 3393 9144 4154 3943 4452 6143 6910 6208 7044 2259 3276 8424 5248 2730 4085 162 8718 3387 7186 8161 8661 2393 2663 6530 4185 2685 2089 4565 105 5383 136 9331 8565 6867 791 2174 1204 2799 3828 1624 6585 2352 2926 7376 6757 8615 7337 5252 9608 7148 178 5449 5652 1397 560 1292 7813 8754 7109 8205 4455 2054 3191 5709 8839 7864 765 8400 9409 1316 2113 1169 2711 8526 9519 9168 3626 6283 6956 6385 1528 7207 3478 9607 1501 7631 7058 8955 5647 5001 8095 1341
2210 3791 6918 6797 2767 219 6275 5649 1510 4049 6526 3959 589 4814 2388 8116 778 617 7611 636 4568 8168 7640 4162 5286 7377 6206 6998 1179 7649 1641 9580 6189 3004 1357 6651 4772 6910 2329 8422 8583 1672 2651 1004 1117 84 5498 3939 7985 1401 7674 1893 6646 8968 8574 6668 5532 459 9569 8870 2633 1846 4976 8420 8488 1216 4066 2110 3474 1592 8737 4166 2487 5870 1226 3758 8715 3633 4599 741 8362 5182 3224 7836 8486 9677 8714 5598 9548 9001 8764 8112 315 6354 6962 1160 4207 4518 6793 3190
8167 865 6395 9679 826 9697 7386 6161 1972 5235 406 3391 8634 2894 4922 4076 3968 7545 2429 3505 6254 6832 8219 6816 5692 4417 161 5340 3656 2714 7708 7950 8094 7121 3652 5551 3375 6043 6239 2587 3958 2942 5369 1165 3030 8234 2314 1111 4436 1714 418 4655 8145 6437 6173 6800 8351 5388 1384 1658 175 7155 7560 324 6789 5315 3895 9541 6921 8166 5583 7420 2917 266 2090 9442 8748 3132 2664 4486 9707 958 7249 49 1633 4546 7785 7945 9373 3352 2370 8125 328 6174 9117 7312 3543 7068 3189 5713
6370 6191 3656 676 8658 6338 2262 5854 605 3867 2717 8931 3755 43 5249 4492 629 3123 6953 5264 3573 4515 1062 1953 7438 5008 1538 235 1379 3680 6005 4718 7940 8469 8018 7642 1731 8235 3575 9542 8466 9726 4587 9916 1053 8103 4095 9058 4674 9268 2594 5091 8369 6608 2082 6279 2396 407 8760 8890 9648 4009 4857 7339 8544 2987 7662 4462 880 6719 2680 4938 3472 7687 739 3150 3119 7677 6271 8733 8980 7745 910 5225 9842 9936 2641 6713 7870 2835 8548 4674 202 4498 4084 6646 7864 2375 6499 3680
3400 6058 1006 4005 9578 5627 1563 2877 9204 301 6038 4007 783 2419 4022 3139 9292 4555 5937 8758 6982 4318 431 4489 5560 310 8242 1174 9505 157 5411 9340 7388 6241 6786 6319 9582 5379 7997 6112 3827 2338 3099 5467 9572 8039 4276 3518 6998 3911 2112 6061 6468 9578 728 698 7232 6827 4514 1676 1781 4249 6153 5313 5423 9749 6148 5600 2774 8113 7173 6213 6686 5327 6808 3341 6811 2912 9801 2533 388 6370 4281 200 6192 8101 9423 1630 5504 6038 3670 845 3732 4901 1678 3677 6531 862 3262 7456
6049 4650 6198 2791 3629 3401 763 2360 7183 640 2189 5126 7840 9139 1540 177 1422 4449 2628 850 7456 8319 5581 88 9738 3447 9590 7896 7478 5657 1138 6256 7760 3734 5614 2706 9680 9736 8997 9372 2548 723 8441 1331 4728 2848 9713 2026 1547 7948 5479 7929 9965 3242 9013 6477 9807 8475 8025 243 9169 8969 7895 9547 1908 6367 9519 8909 4707 1328 6994 8074 9871 7055 4332 2548 1576 7856 1293 2077 6474 6305 304 444 3094 8893 672 9521 4918 5881 4412 2940 6909 6643 2675 8584 111 5573 176 3884
7568 5816 7403 8283 9159 3003 4083 1439 7871 7052 9325 6790 1415 7011 4703 1309 2370 6900 7772 2951 8313 7734 8924 3415 703 5750 7541 2322 7365 4376 567 9468 165 2133 7689 1746 2524 9234 5949 190 9368 1435 9807 1060 5630 1793 687 7158 7616 9856 4001 3694 572 6125 4444 4720 9659 8684 5112 5717 6032 8636 5549 4485 4151 2303 2778 6840 5074 6447 9963 8679 4953 5889 4696 1682 1484 6617 6896 4499 169 1022 4122 5100 9483 6505 3324 4149 3824 6928 2572 2718 2895 469 6989 609 5344 9510 3225 6003
9176 1576 2919 4865 8723 2130 4219 8336 7184 5009 3854 4023 9876 1706 9030 9021 8667 5602 2714 3002 52 7390 9714 7467 7542 5609 4042 4664 798 4778 6845 4937 3814 3109 5597 5100 2350 8320 9996 6711 4079 2508 5783 1996 1640 3822 3387 244 5250 5013 2139 1854 5731 1389 9451 4578 3424 9488 496 3832 7462 3605 7055 6783 850 2121 9677 8411 9328 2871 7852 3669 7298 345 2377 795 1685 702 5482 247 2632 6086 9351 8003 4631 5923 6576 8319 4239 3703 5380 9883 1461 5836 6552 152 6512 8229 72 4393
2878 6366 5090 8551 627 554 8783 9944 2388 5170 8375 4324 5603 6012 7824 2044 4205 8061 3997 2574 1685 9987 8213 5497 9715 526 8937 1310 3433 4921 6120 6498 6910 5669 1183 8698 6101 3803 7553 5787 2815 3634 8503 8356 6917 4248 5135 5379 3049 5932 8079 6858 7730 6975 3536 9293 4752 1986 1719 4953 3765 1133 2360 8281 4217 3921 6768 7298 4490 5694 9653 341 2522 4806 3747 6053 7898 5855 2196 2749 5420 7507 3683 6718 1865 8850 9305 8553 266 758 6696 8539 8372 7892 6619 9710 5854 4910 2380 8994
6078 1573 5167 9662 5630 3495 946 7407 4997 3841 8318 7928 8791 1595 6971 517 4006 806 3180 96 1559 5141 5138 3051 1403 5874 4955 7233 2392 7079 9121 4532 9073 4356 4294 5370 7655 7141 9294 2431 543 7222 1074 3382 7456 9599 1668 7254 4455 3488 4274 6271 2576 7044 4516 58 5493 5297 2030 6958 8454 2696 3751 1185 9899 1212 3798 46 3636 1877 5556 7330 4394 8057 3504 7714 600 5171 641 9676 5653 3840 330 2754 909 2299 4479 9678 557 7377 5942 5542 7853 8381 8855 1352 7780 7804 2469 5874
1935 6163 7903 1183 5825 8796 4717 383 7654 7876 8692 2684 9826 9903 1035 9904 6307 4843 4823 6552 9927 2109 3467 2508 941 7525 2292 5128 7866 35 6002 9889 6648 7445 8904 5538 6945 9859 4052 3881 697 3453 6381 4058 5277 6097 8564 2639 7037 9537 60 293 1977 9276 812 9120 5777 7604 3584 3677 5407 1605 1553 3074 3437 9620 3224 1263 2143 1561 1914 2292 4303 5723 2392 7309 2322 936 2007 5285 6440 7282 1953 539 855 7651 7769 4831 2196 1750 2604 8788 5389 7225 645 1976 8661 6165 2015 8046
5570 3330 3735 3956 6000 9613 2052 6737 6173 2194 9293 9245 9922 8473 4343 4974 549 472 2797 7346 7214 9221 1870 8137 6271 2497 9888 8037 4527 3531 5235 887 5279 8730 4411 9054 97 4739 5996 153 140 1219 2470 4970 8157 4310 6280 9806 342 147 7317 6787 9020 7999 6797 4764 7584 8706 3059 2731 5710 4628 9061 2112 9652 8833 1771 2042 6363 922 8693 6993 4230 2571 1447 6952 7795 716 545 3302 3316 6452 3330 5204 6590 70 8718 6214 4738 6885 4499 2109 5508 7280 8647 5939 6038 1845 9190 7870
564 1518 2198 9670 370 1650 6901 7867 444 7477 2674 7566 9423 4521 8052 2109 1852 5388 2878 6258 493 4907 3877 1688 9434 9981 2060 4366 7704 7516 7428 2905 1022 1080 9897 6602 234 8412 3556 375 6753 7755 4193 5271 7425 8564 9690 9143 331 4681 1887 7457 6991 8892 5221 2663 9315 9618 1732 45 3572 1939 6477 2834 3433 9499 2462 5013 3707 4127 1156 3964 5219 9860 3536 5271 1510 2802 5215 3775 1628 8398 7944 9725 6137 9543 7729 7754 8514 7439 2574 1115 769 5125 8301 8018 6908 3003 4690 6291
450 7333 5520 8311 2551 9997 8262 7740 9093 3191 8709 6281 747 8925 4870 5686 5764 3980 2766 2708 3141 5292 5096 825 8388 2254 7019 3282 4165 5088 6744 2913 5719 130 3257 4938 9083 5622 6921 2808 5875 7728 7621 8309 8812 6840 2867 3162 9814 3082 7646 4989 4255 7829 1187 2674 7376 9001 860 227 9474 5391 403 4236 9686 7076 5038 897 485 5864 8703 4840 9760 7773 7461 3660 6426 4564 6074 5960 2244 3345 6589 6823 8539 1109 8273 973 3526 7168 2804 8869 919 6556 9313 2768 7557 162 2970 4582
8221 2743 9386 7847 9959 7324 77 3686 4711 4301 9819 2018 3334 9314 6352 3788 5839 8899 1355 3505 939 8164 4185 9931 8971 2219 189 3601 374 983 4000 8886 4551 5054 4081 7698 3678 6023 2304 6436 374 7324 308 4548 4157 4071 7946 8380 7660 7572 7957 9482 3701 9298 918 485 6865 7730 6770 7566 1283 295 7246 3595 8669 9184 1293 8284 8945 4765 6708 2220 7778 7270 3305 7820 4728 4107 2646 4226 1211 5408 3691 5613 9100 9327 3742 7849 5497 5211 4726 1302 4787 3043 9717 914 104 9397 4845 2654
8594 9996 7767 4880 882 4908 6475 8964 5238 8950 1466 1390 2404 8701 8900 4399 2565 2033 6482 8002 969 9894 4746 8983 6602 5980 3103 6485 429 3096 4929 1906 5985 728 4091 836 812 2471 2969 3764 6946 913 5845 8763 6022 3880 1045 3962 5068 6255 4249 1669 4450 6361 3213 808 9131 8422 5386 691 1785 526 6513 5610 6799 8770 2370 6205 7781 196 6148 6521 5022 240 7104 4171 4305 1380 7135 2148 8328 3952 8463 4848 6383 7238 1970 650 124 621 4435 7262 6708 7225 301 1569 9927 4095 9984 5254
8002 2803 8693 6976 235 1835 4932 3736 6928 640 4463 4774 4639 4210 8487 750 7546 4691 2772 3553 4098 8754 2181 3357 7761 2759 4352 4088 5342 90 7351 383 8758 7023 3674 5297 1805 7446 6709 6073 2646 6773 2903 5360 5685 972 1737 368 9145 425 3966 9358 6973 3096 7447 2416 1348 7456 8463 2999 4638 3108 7010 8594 1439 6218 1270 9057 9871 1738 2273 4858 4779 8459 9465 467 5895 4240 3884 5881 920 4431 2501 3348 6942 6867 90 3657 7504 635 1301 1137 2476 7001 1479 7687 4048 8916 4402 468
7738 3779 5990 4248 3047 9203 1026 7058 8670 1381 4185 180 4059 2741 2890 781 4213 8040 1641 616 5940 5658 7684 3155 7055 3167 9265 3011 3965 5687 7350 7016 8981 6651 4980 8903 1638 1807 7011 8850 7560 3450 7577 8879 4290 9380 1884 1581 7585 5117 2875 180 2923 9874 10000 6175 9083 9140 6518 5313 3088 6289 1639 3803 3047 7046 6327 5087 5476 9738 6869 2572 8727 6937 8015 1354 3506 2822 3457 9584 4855 3952 5990 8920 8689 7914 9402 5730 1096 9234 7710 8519 4720 2288 8118 7031 295 484 7513 7350
9262 2603 8096 4506 7768 8587 4719 9007 5346 6404 7225 1252 8402 7611 9011 105 7112 17 9064 1606 7390 2079 2045 6437 7272 705 7867 5254 7594 3656 1163 5573 5858 9325 4402 94 2322 4311 3687 4344 1631 9643 864 7324 7304 9235 5199 774 6868 6681 5394 8645 4334 7941 1696 9254 1239 4180 3103 3616 9393 448 4796 6354 3466 8060 67 5453 5610 6673 4752 6199 2612 8903 486 4577 7384 9808 4927 8431 4024 4442 101 9633 8564 917 2153 6063 507 3626 3860 3202 5688 3611 8968 2529 3255 3493 3661 1219
4258 490 7286 7294 2825 4139 5944 3819 7400 7191 83 2749 6145 1394 9565 171 9000 3891 756 6705 8584 7745 6535 675 7058 7483 9568 8112 6226 8495 6330 8939 6130 9392 6149 4255 2607 3553 823 4830 3805 4207 9287 8343 2737 2682 1176 7102 1783 6993 5310 6696 2145 7910 1341 9304 1847 8677 9712 4678 2886 904 6381 5445 7378 6817 9697 2312 6108 2485 4630 6559 2011 5335 9520 3034 4960 6316 6143 7228 2024 9462 1646 6192 9814 4234 1347 4505 6825 7527 996 3108 9287 1443 7729 34 686 5810 1609 5613
4063 5008 1666 2405 2540 278 1872 6794 8659 8220 1618 3309 2911 264 4673 877 2191 3044 9155 7214 9197 675 2926 1390 6364 8824 411 994 917 5079 8001 7614 1810 7789 6666 21 9481 3924 5221 2760 7204 5218 620 2424 2115 7030 1904 8328 3882 2341 3336 6851 8338 7436 8095 3314 9954 3267 8034 1282 9435 1321 893 6637 295 7210 9458 481 8675 8534 7260 2101 6760 7260 8490 2081 3164 4395 3486 1573 8694 1419 5595 9864 5375 1795 452 2197 1859 2904 7861 8640 1828 4783 4410 3465 6300 8593 466 3993
2866 8309 8045 9405 4349 3239 9074 5578 6844 6660 4926 8189 6137 5144 7688 8 9828 4244 4922 347 4734 504 678 1213 2996 465 1525 8900 2409 1432 1869 9482 2558 1496 7269 6790 7044 572 7741 5774 6525 5359 5590 7970 3312 3696 8351 3323 7316 5099 5238 6771 3638 3805 3692 9041 3275 2153 4298 3846 4405 4729 8558 3332 106 9535 16 2456 4664 2838 6491 2014 9113 2408 1607 3252 9242 4135 9136 9793 1299 349 2144 3099 6383 896 63 2503 2684 2788 3098 5338 2777 825 4178 9103 526 1633 3449 2793
3312 4511 378 3134 8892 9235 2233 8201 2838 9257 8438 5958 6946 6353 5652 1423 2236 5714 1212 8748 8983 4297 6803 5335 4312 10 3342 7335 7973 6432 3600 3016 1368 5079 6296 8558 1600 5842 8458 4267 5392 1753 5476 2559 8672 4124 4673 5884 5124 5716 4665 7327 7833 8211 1876 9244 4028 1079 1892 2576 7241 3140 2318 4168 855 7115 573 8492 7595 8543 1220 1933 5080 7222 644 1511 153 4993 315 5945 6093 7956 3281 2213 7487 6241 2330 2095 915 5595 1897 5280 1215 303 7197 4823 4904 1531 7791 7254
268 4566 9697 7141 5463 7509 6140 5758 8377 2847 2424 2583 1241 3371 5162 1900 287 9659 779 6047 5230 8484 4099 4207 6491 1159 6498 2374 1281 6444 2986 7139 8487 3667 2100 7884 1519 4220 2182 4159 6793 9718 4431 4180 2269 9720 5532 1186 7090 1505 7297 4010 2534 4901 1284 3156 6860 1377 2865 9698 6228 7721 7198 6179 1085 6773 2296 6194 3293 1313 6164 9665 8736 1224 3127 1696 5598 4759 300 8024 5383 575 5332 8237 6104 1949 775 6159 7792 1699 5308 6720 4300 8134 7449 3332 1914 1997 7967 7910
260 1688 810 7548 4381 2016 9800 7787 1641 5829 6982 6469 3781 8400 1595 3361 7985 6518 6768 3275 2812 6557 9468 3808 4474 1869 929 3421 3138 398 167 2175 402 3533 7932 1277 4872 8082 7546 2237 4589 9760 7122 7649 2520 1658 297 6701 8947 7753 3354 5286 8722 7805 8413 1778 532 3800 8412 943 4506 4057 4585 4950 8725 5458 1391 5971 9706 7256 1881 5673 3444 2818 3714 8257 6427 6864 4654 8200 910 4638 4239 5920 2212 9443 1792 6192 3531 3720 2333 4173 5527 2276 5408 6559 7696 9862 1262 5823
2745 3799 1060 9308 3000 1057 9063 8848 9382 2866 4897 2406 9625 9854 3571 1221 7914 1067 9771 3628 8342 1718 9314 5010 1581 295 9034 5211 4084 6614 7394 6085 5425 2304 7151 7169 8299 7733 4532 6885 6986 9806 1129 8094 7690 255 4950 5120 5352 1196 401 89 8705 6176 895 940 6053 4997 3171 252 1824 9026 1804 2039 4190 7856 3805 1946 3989 5112 1216 3961 616 8890 4911 4054 7405 1670 1816 2297 735 172 9168 5591 1695 6416 8000 8075 6627 3094 6418 7338 9211 37 6157 857 2969 8767 5675 5177
1395 7192 8855 8779 124 3200 9012 6968 6371 4680 1859 814 5300 4060 7621 9795 5556 9947 8721 6703 9827 6436 3017 4854 1129 442 7824 6791 9691 5580 9042 6627 9898 9622 3513 4920 8926 4620 7008 5532 3774 6780 294 1267 4470 5848 4177 6512 2704 6513 9683 10 8440 9635 6954 8738 7064 2576 418 9868 9204 9970 9288 90 9275 8529 8777 8627 7565 8504 1366 3964 5498 3999 774 1861 7785 364 5405 7228 8705 3388 6637 8340 6832 7765 6280 6786 2007 941 6340 4857 1005 5045 9540 3307 5547 5545 161 905
4573 4192 3323 3337 3656 1371 8437 1613 2838 1872 8455 4389 5145 3949 5857 1188 9721 316 8803 416 9701 6675 2978 9702 8814 3 9384 5384 6876 9774 2682 606 4371 959 2231 515 9092 7385 6105 4032 3326 3966 5112 1701 5679 3440 7873 8135 6809 9235 6811 815 618 375 3596 5815 1024 1888 6976 8082 1371 3918 3556 3628 6640 1616 5076 4771 1154 5302 9830 9466 5749 6980 7316 1477 25 1969 5622 101 6623 1460 3287 5357 5370 5716 4114 8167 8795 3129 2940 2517 1663 6869 9844 4494 9074 4371 3717 409
4868 6382 8490 9158 5406 9705 4263 6104 7613 3080 6885 2215 517 6395 4726 4681 8125 5723 7341 5194 9897 554 6429 5569 8157 6571 1991 998 8733 216 6561 1265 6398 9717 5237 3152 2643 6252 4235 1356 447 2168 4431 2293 6976 2665 8231 1853 7641 1153 2760 9425 6267 349 6997 5272 1307 1484 3986 2627 667 1184 6352 92 5980 9428 6296 2844 1559 776 7512 231 6575 8941 9963 3407 8847 1880 1190 285 642 1465 1751 5436 923 2747 7528 3828 9920 4731 2998 6026 9456 7611 6147 6268 1679 426 1518 325
7633 7273 172 2845 4893 9552 767 7600 6916 6369 1919 5563 3913 2120 977 1721 9379 571 9538 8937 9001 6316 3243 9070 8330 2602 5607 9737 5631 6356 3935 7112 8247 294 7998 5426 953 1887 1079 47 5807 9102 1326 7434 8485 1684 9009 5860 130 5824 4287 804 8692 5872 6271 6695 1048 946 3578 4953 3177 1509 9584 4149 549 9592 9243 2321 807 7576 3413 9213 3364 3461 629 9284 8913 3333 5311 9314 9675 7677 4108 718 625 7954 9437 7084 7511 2332 1312 251 9090 7628 3025 6766 9061 3888 4816 3785
3240 6892 24 2249 6886 1173 3333 2577 7422 5244 5524 8193 1300 2093 8296 3928 4491 3046 3348 1782 5651 830 6914 6694 7282 8133 4653 189 8458 724 8858 9744 2738 4638 5227 680 9542 1384 1108 7258 2552 4184 6167 2736 3627 3118 4206 1498 955 1656 5739 367 2631 7352 5710 6926 1328 3078 6177 831 9425 644 175 7573 9703 3244 5514 988 7202 4027 7632 1782 8143 5603 3548 4448 1270 5046 2400 2379 2514 5834 5330 5527 9975 3418 2251 5420 4951 2403 5254 9719 3627 5042 3538 5928 4678 951 7984 2334
5323 8107 1107 8846 1021 885 9945 3587 8820 8598 621 7848 576 731 3821 8943 7413 7144 466 9775 1817 9916 3082 3373 7641 2848 781 6898 1547 7721 7754 6408 4613 776 4036 10000 1747 1528 6028 7685 225 8319 9168 8760 8515 7009 2426 2422 1198 1278 8365 9935 8198 9927 3240 6910 9161 1854 2475 9641 6543 736 6153 7633 553 1994 9412 1031 5277 8317 5374 7188 8881 8401 5066 6621 3551 9604 8141 9343 4952 3675 6471 6554 6578 9457 2583 4430 7253 2874 2078 3136 2483 2897 8501 8960 1054 427 4575 8449
6182 1043 6681 7655 7135 255 4225 7110 1569 5426 3168 8044 7412 9782 1883 5845 5694 2197 5387 6376 2802 3703 6496 742 4023 4596 514 3683 9264 250 6075 8393 8711 8875 9272 1030 392 1447 7595 3992 1864 3480 1334 102 7244 8116 6336 7978 2339 7928 9825 3065 212 7470 9984 6560 3387 3572 4661 6527 5600 8140 8251 6227 9885 7045 1903 1997 9993 2640 1007 69 814 4482 5271 1952 8125 312 7719 7357 6311 2041 4705 8280 6121 9895 7166 3301 2612 2856 5142 1428 1590 3899 8656 2923 1079 18 1320 5060
6555 1935 5764 524 6156 5456 8586 1000 5699 7866 7991 1703 8207 4377 4001 9681 3198 5229 6425 953 7503 1824 554 1999 2954 8603 3375 3915 3416 8932 3053 5866 9792 5888 9111 1942 4940 5300 8459 1925 761 6640 857 7321 3632 9336 2600 6818 112 8662 2599 3205 4392 1710 6611 3111 4186 5876 806 5153 3566 3344 4155 8422 9564 8353 238 701 1068 6914 1595 4947 4516 8502 5113 4130 3167 2346 4515 8453 2855 2435 7596 5188 2694 8284 8234 9671 4946 4190 9073 6479 2068 8213 7397 9141 7914 373 3469 1385
6474 3762 2493 9111 186 7999 3739 7025 5186 972 977 2357 9483 9279 2939 3577 7457 3450 7693 4987 9757 1738 6600 6812 4084 862 8943 8789 1893 1916 6286 6789 6391 1300 3747 4666 4377 3973 5282 1651 4435 5691 7383 2503 5010 1466 7626 3484 6372 7463 6464 177 6259 3107 6461 9465 3270 3035 9060 6086 3528 9240 7308 1522 6931 7683 7371 823 6751 3485 5618 5017 4997 1978 1118 9723 8523 2845 4440 3760 2359 9560 1806 9362 624 2382 9141 9413 835 950 1085 8088 9437 4733 1006 9758 2937 1156 4437 8344
6384 8650 166 6261 4176 6404 5233 8770 1305 2619 4106 2270 4276 1398 247 3311 1646 6343 3406 5989 7383 8736 3118 3393 199 1852 6055 5359 7876 4576 6425 9425 5389 6791 5884 7804 7434 771 9291 9319 7429 244 454 2519 2517 1978 610 7652 3337 1804 4244 8099 1507 9796 2864 5980 7084 1277 7335 431 4117 7658 9953 3463 1239 1424 8431 5519 6567 9796 4805 8552 1635 6941 7098 5146 966 8270 6569 2366 434 5438 1398 8823 5943 2034 7074 8156 1817 5511 1990 7281 4761 3543 446 5547 2845 9807 8267 8600
9284 2357 7039 3169 1402 3496 7660 1282 5404 5776 3839 1206 8444 2262 8778 9451 3762 1113 6644 9342 8692 8919 5550 4803 4195 6108 2667 503 5162 6236 7414 3925 9908 8427 6252 1632 5197 6220 7636 3336 5480 6741 8538 6031 4170 8590 3415 3412 2443 8146 7499 3886 1366 9897 8047 9047 9167 1387 9233 7453 5291 488 4606 4979 6521 9592 5281 3587 9901 7776 978 528 7279 6964 7113 2747 2775 7845 3548 1719 8682 6567 752 7163 8085 2236 1240 8005 9071 5798 8236 9593 5847 9088 934 5075 2319 6376 6964 3439
1490 4195 1183 3121 5806 83 2642 5526 41 5831 599 9139 9990 6019 8935 8639 8276 4919 7051 100 9832 7874 5725 2553 9550 2177 6871 4509 4746 4244 1252 4874 3670 6257 6247 3290 6605 3133 333 8373 2222 9390 8545 4497 2704 6067 8556 3824 959 7202 2481 6931 5351 3700 1715 102 7627 2904 6520 6776 1678 6629 7132 9556 8269 2720 1548 4842 5531 2829 1817 2492 1621 155 1832 2424 9643 8604 9630 1377 8854 3596 9808 2364 5670 9080 3524 5562 9585 610 7559 6715 2860 7904 7610 7277 5119 4161 2532 2362
5987 8464 9732 8976 1185 5971 1838 6350 4208 1142 7240 2710 7440 7845 3560 6102 5851 9163 251 9182 9518 2538 709 6689 8984 3988 1210 939 3327 1907 2224 2259 16 232 6270 5689 8257 6160 6155 3273 3247 8095 4707 4634 8853 3397 6767 7293 6039 107 6126 6891 6296 2338 5902 2125 1314 3846 820 7810 7796 5394 4230 5514 5636 11 5751 2453 5278 6214 8494 8248 5514 2750 5185 1970 7011 2337 881 111 9000 3028 5186 5151 2412 6363 9111 6962 255 6579 7085 9069 2967 8155 7941 6603 3667 7591 7962 2058
9470 5421 1543 6586 3005 6216 3943 5792 8228 6619 7479 8446 3191 6673 754 8892 4742 7136 8631 375 6577 1883 5225 4050 4684 8779 9139 3348 8096 8125 2358 1354 4642 8206 2257 5737 5931 1598 464 9135 9285 3203 7998 1894 8141 6353 36 8792 7062 2080 2988 5017 5468 6906 230 825 4597 2256 3455 9219 6867 7325 5980 6307 2599 214 4323 4234 4664 4356 2328 1779 635 859 3140 4020 8629 3737 6678 1668 4996 8693 8636 1976 9550 3111 3957 4939 1105 3952 174 5445 4114 1492 9218 8451 7600 3159 9566 4227
4398 2107 2151 5595 1996 8613 2336 6701 8063 803 1519 2461 6877 3921 400 6836 8074 2983 9639 3546 489 8412 5768 7894 896 7490 5828 6324 2156 100 9549 3646 835 3401 197 8568 4289 4093 3453 638 9069 6014 5148 7859 3781 1745 4812 6549 6461 3670 3401 9464 2482 1556 6213 9373 9491 2032 8673 7258 8816 2985 953 5525 1042 9157 6990 6890 6990 5957 2288 2343 3012 6594 2424 4400 3860 4973 1615 1584 3036 6413 3200 4761 4457 4616 9957 658 9347 9992 8890 4972 1684 6012 1177 6243 2981 8780 1801 2029
848 1560 4002 9832 3997 1502 6319 2645 349 2574 18 9858 465 6861 9039 3165 1381 476 8318 1388 2179 527 3605 9727 4757 9752 6851 7545 3801 4132 8091 5544 2236 621 616 3464 7349 726 1014 2038 9725 3690 2897 720 7056 1299 2520 250 9537 5318 3357 1483 222 3699 9326 1565 1808 875 3912 9820 3390 5966 3910 4585 9755 3705 7256 5486 5773 4875 8656 9649 3222 5694 4868 8880 2867 9514 7784 7070 9106 7479 1192 2774 9068 6653 2960 2103 4601 3174 6314 2784 5230 2687 2271 5619 1315 8369 6642 6559
875 3300 9257 4246 3326 8796 9244 1430 5986 6335 1751 9811 7897 4657 391 4745 6232 7109 6257 3734 4195 3523 2280 2525 5202 882 6564 8135 2310 9019 4435 5306 6202 4182 5689 5066 6336 5374 2886 9963 5269 2806 5499 9169 5736 7551 6755 9586 8283 7016 1092 3994 3486 4715 2420 8937 4898 8088 8423 5868 3745 2952 9056 488 5252 117 3923 5825 5688 5986 9675 7395 394 7483 2382 3715 2963 5462 2753 7919 1600 614 4749 1072 2750 2732 9207 1302 3815 461 58 8721 1533 613 5964 5034 6856 6246 2197 9824
4929 3095 3403 3511 8666 6298 3396 2290 5445 9591 5971 1085 444 9635 3559 9734 6911 8526 8770 9294 923 3077 5178 669 1794 3848 8837 3398 5793 6132 5030 8840 650 1368 9136 8214 5474 9099 7385 7205 8396 2096 5190 5626 5355 157 241 3855 1849 489 1743 2863 1592 3170 7958 4571 2259 4850 9696 6868 288 9703 8020 1248 2438 1376 6028 9474 9933 1495 9794 1710 4187 4555 4195 7038 3987 1775 5562 8368 2279 6482 9655 7908 4895 7596 5863 1537 7869 2886 2946 1319 5692 4008 4794 9766 4006 449 9145 6238
2403 2534 4636 4795 5751 6407 2238 354 1893 614 9570 4052 308 2351 3449 6780 9242 1427 7748 4524 1071 6566 4846 1805 1061 8651 6960 3260 736 108 3669 9754 2076 5170 1582 6854 114 7765 1474 1508 2058 9922 4150 3774 5621 4759 1373 3187 4024 4943 2715 4359 9638 3845 9129 509 8405 4303 6619 7021 6184 3546 7026 3068 2405 2195 8752 7269 478 169 2106 5067 3051 1487 5154 8292 6256 3954 3927 938 1995 742 1086 1317 7033 4412 6310 2814 1613 5684 1868 4071 7527 3957 8640 859 3880 4216 1974 7771
9271 2589 2331 6943 927 6588 4005 898 1261 5773 59 8180 5467 6441 1085 3994 1865 6654 6059 4617 9418 7946 4047 1655 305 4157 4941 5209 3093 8348 9673 3672 16 5289 9537 6631 5201 8598 3912 8402 4742 7507 3689 9457 244 6577 5645 5391 9775 6471 589 7062 6683 695 8881 5623 2893 6358 6302 6794 8832 9669 7349 3437 3181 7946 7086 249 8895 8146 6661 9186 3293 5919 8172 3179 1591 4836 7187 4806 32 8264 7125 4590 1288 7521 8840 1631 7021 8114 6513 4456 8972 4481 9092 7445 4001 9367 6661 5227
5485 3262 1163 5434 5520 3240 4105 1681 4114 4539 4116 6736 629 7650 5972 1273 1781 2955 4186 6544 342 4259 6111 544 961 4293 7890 5438 8762 567 4451 7661 5634 9818 5097 4086 2060 4629 5224 319 8991 8679 1415 3594 9797 8902 7169 4455 2534 8826 3312 9764 4422 4879 8300 9560 5213 3947 7355 9639 5933 4413 5960 9724 9663 3411 8552 7664 7712 4748 4987 4235 4075 2191 2504 4896 1352 8574 3661 844 6399 5675 2616 7612 2346 8043 2940 5789 5835 6534 5265 6028 3621 3371 3772 2872 6369 5849 9342 7219
9560 3377 3735 1563 9651 9921 9906 3957 9468 784 6496 1956 885 9986 6968 1030 8591 2246 4268 9537 8318 9317 6901 5326 5848 3110 7982 6497 1721 828 524 7426 362 4835 8452 279 5619 3500 5701 510 8426 1765 6994 7750 6702 8131 6244 6296 8587 5699 5482 5473 1911 6893 1459 980 1992 4359 3474 2469 8830 2383 522 4316 7651 658 4195 8618 748 8649 7148 131 2690 7079 4910 3871 7105 2872 4515 8589 5032 3141 1150 4356 7535 2961 8476 4473 8335 8422 1527 3198 1495 6359 7576 4357 9607 7148 1931 7906
5354 720 6485 808 5938 5025 2372 3327 4277 4347 8149 8521 3196 5827 4017 5524 2411 9407 5037 9708 8071 5768 8379 7367 1222 1845 5283 8882 298 2412 6984 9244 611 7739 3854 9569 4815 9052 1445 7233 681 7239 5857 1198 2240 1262 311 685 7842 3065 2032 6702 7037 950 7600 7497 571 8843 3026 1554 6966 7185 6010 5381 5946 8211 4181 7705 4275 7502 2467 1903 298 324 4807 3388 4625 9204 7268 3462 4151 149 2571 3525 827 2854 7963 8009 7361 1721 6747 4555 6729 6293 9999 3209 4434 1085 5901 4244
6217 3751 2085 2521 5755 637 4325 3552 3175 5652 6392 2260 9096 6162 4951 5226 3365 5831 3788 153 4558 8863 5138 4968 62 6303 7576 3543 9646 2708 8016 7853 8021 7087 3233 1608 4204 3449 511 7349 8795 5159 3049 7603 9232 6217 4283 7460 751 3723 6990 6163 6867 7613 4100 2895 2977 3755 3590 6533 3985 7003 8524 1241 97 6796 7678 3066 5619 9042 726 4035 6644 3280 4320 5210 9752 3857 9824 511 6095 3173 1727 6256 1896 5221 4575 4749 6044 189 4672 2543 5247 9131 8848 5159 9989 4793 8672 5145
4741 8646 5141 350 1974 5195 9520 1636 8161 7756 4992 3038 1847 2766 6966 2278 8664 8495 8007 3880 2940 1826 1164 3201 403 2998 288 6455 2745 5115 8451 6126 7126 1513 5512 5396 6892 1195 804 7520 5606 8350 7623 2956 5102 6298 5262 5056 8401 9291 3487 5491 8198 3336 3317 1975 1110 8112 2465 1940 1538 9503 9194 2067 728 3871 3623 1164 5770 6965 5632 1664 9183 1274 1280 5981 2579 1751 6789 2971 9994 8723 1261 5058 5223 6984 4706 1055 3386 8679 3133 3344 8541 1782 859 5774 6461 4395 2671 3264
8935 1958 1953 4224 9366 3054 1679 981 7118 2391 1764 9318 2752 7520 3066 5600 9932 1022 2935 6261 2025 6324 6256 6018 4927 1643 6319 8455 9806 5926 9483 3974 1288 3857 2120 9128 4816 7463 469 6776 5003 4978 2899 8 1536 8414 6450 1855 280 6762 4852 4469 3713 2047 4590 7835 7512 1280 1231 8381 9053 4356 6219 8002 2613 2815 3868 8630 6719 6096 9736 4368 4761 7198 7749 1368 1168 3115 3405 7966 3573 9039 2698 9757 1113 3632 6529 972 2521 930 4500 1320 7068 3506 2723 6300 172 904 2397 9641
3477 9394 987 2361 2284 7341 6526 2437 9738 1911 1614 979 6788 681 7643 6665 5294 4627 1774 226 5038 8911 8776 6362 8075 5541 8275 6291 6517 3276 4600 1062 5677 9823 6258 7869 5545 4032 6704 624 1664 6418 4719 8588 8081 4305 2900 2699 4562 6640 9232 2681 1524 7173 7776 5768 7689 1131 3178 2061 1020 2913 1883 805 6828 5294 4035 9001 4272 4440 7249 1736 660 954 3524 5278 9192 3113 1852 1677 8604 5815 8988 1379 1559 2531 5142 8592 359 1550 4513 1529 3793 3894 856 3259 7082 8344 9627 303
621 775 6461 9131 4425 1063 1439 1713 8199 2653 7530 953 5770 5535 4805 1232 5155 3606 6732 6077 5049 404 2269 7194 1659 228 9725 2715 9885 9789 3345 6772 2698 9434 2591 6497 1650 9167 9674 4378 6968 2995 678 9603 3670 7751 2888 5933 9674 1194 4802 9933 5978 7733 7352 2080 562 2108 4714 5300 4598 6221 9252 9742 5644 9272 4525 9816 5016 9732 4018 1206 1594 3627 6795 4808 7755 4356 9093 8853 8692 1289 4166 2391 2213 4802 9815 5271 826 6962 3856 8636 7737 1103 3895 9221 3261 1702 7550 7014
7607 2500 8309 7221 9492 8369 4677 8425 8580 6517 9482 3484 5808 3581 6037 2812 6112 4348 110 6177 6077 7180 1546 1231 7947 1625 9201 9382 1350 403 580 176 4524 5711 2603 1379 4848 4817 5103 3759 1179 383 8695 314 9363 2638 6163 9110 6151 49 4202 7011 1554 6738 2701 7868 8109 533 48 2994 6056 761 8054 2476 3366 4512 4196 9300 6641 3215 6074 8013 2009 286 4949 5421 1629 2940 884 4924 6757 8607 8113 79 8585 446 5203 7157 5911 4310 961 5859 8851 2208 6062 8993 9457 3074 3286 2559
1480 1650 8529 5361 8822 4870 2106 7430 4600 2122 9511 7465 3371 9484 3892 5060 9096 4305 2188 2192 9556 1245 6337 3026 4505 8449 1052 401 7657 8817 5885 2074 6465 5046 6944 7675 4074 6799 5075 5111 2572 3436 9915 5560 6626 5193 9962 8547 7788 515 3927 8257 7360 4786 20 4772 4234 181 9924 2266 1632 5402 9504 5569 1298 7631 5824 7654 8815 6290 5224 3368 8699 6776 5895 193 5773 7949 6734 6408 4464 2116 9594 2518 1142 53 6716 1437 6618 997 2785 4312 5160 5639 4669 684 8906 8615 609 1954
2086 8082 7153 471 1757 5159 9662 8274 6080 2071 2337 9651 3946 2042 4792 7525 8800 3987 1338 7990 6498 725 296 7126 1378 4809 5508 4171 4627 2283 3171 1847 7928 3083 7079 604 6375 2576 6568 4564 9303 7772 132 3275 8823 519 6668 9094 6218 2316 2948 4761 5733 4342 2913 5550 9977 7478 7155 407 4390 187 5299 641 5248 2313 1577 3777 2621 5537 1741 6108 8078 7900 8193 6648 4047 6523 3334 5957 5125 218 6432 9686 9386 5215 6319 7925 2998 3288 7220 3953 2247 9281 8003 8290 7992 5329 9848 7796
6588 3698 2799 450 9876 1291 3598 353 6393 4768 2321 6433 1535 3860 9049 1134 2054 3636 9640 1585 903 4925 9035 7085 7022 2035 5530 9764 9164 4119 7748 3709 1720 5970 4194 1877 8285 8264 8812 1331 7485 8014 6884 2074 5841 9835 6291 4592 5698 8966 5505 8894 9591 9126 5216 8669 4509 9214 8616 773 3671 4846 8757 2487 8949 5081 6636 3619 477 7614 3553 6573 4091 8168 7265 2464 7302 8061 5309 6062 2363 6850 9487 6792 8443 4970 6180 7565 9468 6875 9176 3939 6038 6632 8156 9505 2904 2092 4175 1115
973 3332 2181 5887 2906 7869 4920 688 4471 4209 6179 7648 301 5515 1549 9148 1315 3473 9620 85 9500 8845 871 2528 8855 7010 1712 5506 2146 7269 2144 5014 7209 7686 586 3646 9991 6126 1718 1022 9028 6342 695 4435 1014 9358 5198 2187 8171 1091 6564 2397 7142 9804 8844 6978 6429 8925 7924 516 3072 774 8631 6367 8948 512 646 9424 303 8786 8900 5952 6930 3302 9623 6093 2032 4913 5734 3878 5941 1754 6976 4999 3235 5198 8156 6838 4375 5443 4533 6824 4672 4983 6110 7617 2487 9811 2330 8333
336 5156 9484 8239 1765 5823 5793 1511 9214 1931 9005 2210 8565 857 8690 8292 6176 3205 6965 7839 7726 706 3745 4746 427 6987 2623 5792 66 613 7142 3085 6390 9482 5721 8251 399 4504 7954 3009 3387 8890 6407 5115 2296 2448 9175 247 9167 3067 7900 6724 4776 8340 4357 4478 3543 9676 8235 8458 627 9131 8396 293 6236 4945 8993 7864 6059 7454 2410 9103 8939 633 5919 7786 287 5300 4952 6425 1378 5971 3031 4972 6869 2335 8256 1205 7818 7750 697 3342 4944 1519 593 2582 7625 9124 8533 1890
8064 8696 156 8889 7882 9912 5636 9013 283 716 8784 9043 3807 3912 3145 1419 5862 109 7567 4984 5927 2345 243 9140 5480 9894 3224 7967 5445 657 1634 8412 8944 3406 5406 4893 6085 4177 7963 5546 9075 9662 102 9571 1302 9649 7623 7168 7304 4248 3442 6973 3528 9468 2923 4660 7635 9664 1255 6227 3460 8237 3637 5192 3160 2554 9345 5921 2530 9469 2411 4901 4570 4171 3395 5781 1379 4383 1515 883 3951 8830 1467 9107 3588 1041 5500 6575 6862 3619 4266 4894 940 56 3722 2468 954 7006 2828 6292
1668 4569 4440 4774 8951 7739 7659 404 6249 5496 945 6883 3882 5857 5942 5481 9529 8047 7588 6779 8827 2373 2097 2185 4800 4522 5784 5405 1852 5111 9308 9563 6833 9884 4290 9207 7959 8105 9373 7381 8417 3024 2952 7933 2784 7682 2465 7300 741 2476 8159 5058 2025 7536 2159 4969 9906 5849 4990 8409 6683 4596 396 9927 2423 8771 3794 8687 1246 1481 6409 7846 8640 8869 5637 4749 2825 8479 2891 6979 9822 3711 4888 6860 6545 403 4370 483 2208 1836 7952 5801 2472 3860 6916 4156 9975 5852 4978 3082
243 5131 5726 4923 309 3437 7917 6244 4057 608 7913 7841 2178 5358 7816 3175 3585 843 2469 4910 2623 1624 787 1287 143 1178 750 666 9325 3701 1864 7074 6271 7806 333 5060 2760 4008 8742 8547 3059 3497 5252 2498 9133 8186 9625 7481 3910 4226 3075 3629 1963 8287 8370 9618 2464 5196 7645 2933 5449 2305 3653 8402 3799 3412 1321 5973 2930 9346 718 5411 6625 5778 7027 604 7364 6044 5291 7980 37 8261 4298 4429 3884 1615 3614 918 7858 5415 1468 3613 6352 2298 9048 9905 2234 2027 3224 3979
9700 4619 5953 7270 3407 7345 7015 8932 6882 6062 7406 147 9007 3636 1270 8054 2645 2487 640 190 5241 7188 6815 707 7927 3065 8743 6478 5910 8002 6313 5554 5810 1521 9357 9248 9717 3381 1583 3766 7037 9442 971 7609 9605 7797 3717 6743 9800 2078 7382 212 7876 1606 3218 1102 4916 1848 5903 5998 7971 2380 8011 4432 38 1516 7436 4166 9179 913 2780 4560 4986 9898 1433 9555 5985 2500 8618 4261 2313 9368 8352 5384 5231 4059 5938 8922 2773 9408 7399 780 4994 8640 50 4803 2982 9411 1227 2628
2238 4544 8874 2403 7118 4960 9644 4481 2100 8418 6617 2390 315 1375 7387 6201 2568 33 5508 9839 8946 5070 5122 1312 4498 5754 4120 3380 4626 3178 542 513 749 2263 9558 4057 2726 7719 6716 23 7996 2096 4979 2352 7656 6717 8657 2480 6399 8638 7469 487 7917 1732 8011 3828 5934 8182 79 3817 9208 3238 3980 4528 9698 1654 121 4628 2466 2188 7496 2271 1884 686 6455 1396 5493 7731 4859 8742 5901 3565 6672 8581 9516 33 3375 9152 3083 712 7102 9461 5805 9199 8133 5893 7366 8273 1135 4730
2028 3612 8054 5961 2874 5418 7493 4256 1939 7511 4500 3295 3492 3141 541 736 1767 6754 8505 5902 6231 5798 8302 1493 2008 7714 7268 5840 9634 1404 8899 851 305 4890 561 6849 3808 5245 8527 4347 331 4677 259 9886 103 6663 2063 5832 3796 341 4097 482 2049 5706 6225 1425 2775 3564 6783 2364 7494 6620 4094 898 4021 3153 3089 7496 1840 770 7505 2345 205 6831 5662 6051 4756 3018 1104 8325 4340 112 24 9889 8964 7004 2834 1656 3335 4151 3336 5268 6912 6176 641 5239 3763 8093 6586 3237
583 7202 5388 3975 5840 9905 2973 3467 2132 817 7940 2719 8437 1632 7592 7015 2942 3270 7998 6359 8369 2365 5964 2347 6612 241 8559 1122 8656 941 5363 9941 5748 6134 58 7747 1311 6260 9511 2548 2467 4803 1739 3634 9544 402 6245 1586 8602 6400 8663 4086 7234 858 1154 3160 2111 2904 7971 2492 8480 8569 7779 6407 7650 7449 783 5764 8248 8855 7840 8690 5187 103 3212 6349 3082 9309 5851 6377 5343 8120 8278 777 6251 4523 3097 6165 2370 2973 7262 4264 5035 5529 826 9555 9878 5103 5411 2987
7335 8218 5638 1442 7527 1225 2296 1996 9697 1873 1669 9087 87 259 9819 7360 2077 1993 6477 2611 8946 8750 8734 9013 4276 7498 9005 6765 6929 2802 8335 218 9537 3056 7156 4821 4807 4972 8066 7610 7474 9821 9122 9595 8900 3255 6516 8809 2263 1671 9451 8125 1886 9935 2069 6689 1721 4623 9662 9387 8994 92 602 6184 8822 4449 9203 7798 3653 7282 5634 3800 3482 9694 5783 2129 684 5097 2007 832 5405 6964 5665 4979 3236 494 83 4371 5742 3144 4916 301 3997 6336 9540 3778 9747 9523 8554 6700
5189 1849 2870 9940 6140 2473 793 7149 9277 403 4640 2058 8921 7359 8274 3902 45 6167 2726 2612 9706 9823 3268 407 8955 1511 6159 4016 4513 2395 3498 7463 2823 2205 2003 534 8213 1098 2470 7996 5301 2950 393 599 3534 8978 921 8051 3906 9457 1778 1828 1213 7145 7402 5923 2969 6509 2105 8844 3550 296 4502 4370 2913 4670 6628 1190 8365 1810 4737 5848 1169 5350 7462 9286 1314 8549 1759 87 7079 4114 5253 4647 2669 9214 2615 8489 1322 1498 1985 7266 4906 3411 8967 8237 7994 3280 6031 4277
4652 7541 7795 2901 4490 6910 4162 867 5406 3885 5153 886 1242 2859 8321 2369 3244 4871 4250 4764 2665 4399 15 2641 9670 4281 9225 3400 923 8046 6523 8750 7648 1131 4043 9074 5806 3596 3296 4848 7782 440 7709 6785 9426 1999 9065 2726 9511 2655 5638 9947 5499 2074 10000 43 4350 3773 4043 2803 2870 3662 4156 513 9235 4190 9395 8887 9465 6291 1782 6550 5701 8394 6008 7520 4672 5097 6407 3493 8847 7655 3463 1104 9311 1052 3813 1368 6826 4392 7838 3703 80 8987 5373 2719 8465 707 1556 2302
8506 8063 2817 2101 3454 6696 3685 4255 1437 2780 6228 5645 5499 9176 5735 7450 8043 7944 9279 3981 997 5034 9232 5638 1617 4177 6516 9599 1981 6507 9125 2835 5552 3946 7819 9810 7674 807 9028 8522 4333 8662 9730 8483 4561 1156 9488 2903 8447 1510 396 2382 4681 37 3405 6107 305 6248 7796 8626 5180 8457 871 995 8882 1288 7578 9917 8164 3875 1691 1035 8331 6263 1075 5457 8105 2212 3256 6610 1774 3655 590 5231 9665 6609 4258 1541 4715 5617 1262 7717 416 8642 4251 4440 8606 8809 4765 1138
9955 7190 5146 2427 4323 80 7420 1510 6667 936 3015 7762 436 9632 6901 3747 6764 7267 5976 98 8914 8538 4157 7828 778 1670 3759 1652 9788 9613 548 3216 3087 2055 1615 3303 4208 7529 4538 3843 9676 7666 6586 3654 2681 4653 4031 8847 4358 4871 5322 7218 1274 6186 1973 932 1412 5115 6265 9569 9374 3559 330 2067 1996 52 9751 5876 8478 9389 5293 2993 7842 7668 1151 8930 4505 6409 1116 6757 5149 4722 3629 5674 9900 1923 4078 2529 3950 9713 5047 1512 157 8620 4766 6817 1635 6461 4831 541
7770 7324 5828 6515 6016 5538 8196 4441 5463 8842 3820 2534 3614 1146 8576 3089 8367 3877 8713 3433 7681 2534 4005 5914 1111 1050 7520 294 2966 3462 8950 745 3092 8044 4147 1562 687 150 9560 8882 3554 8176 7897 1131 9263 7408 2666 5583 6835 5991 5234 8292 1225 1059 5566 3748 6426 5043 540 2565 1323 1468 5553 6699 7468 1149 4308 7846 7914 6061 4440 9349 7078 3474 8415 2624 5338 7548 4587 9211 2384 3752 8579 6267 4139 8352 4821 4613 4622 6648 7752 1207 6182 5935 2153 9904 731 2999 486 348
5088 5901 6834 8212 8774 7743 5210 2107 6234 4461 761 6704 3157 9302 8439 3031 1780 5649 9917 6567 3886 2616 6122 7800 6783 6847 2545 7162 2519 5375 6605 16 2297 5176 3285 1805 8085 167 310 5734 9943 1349 9958 3934 6667 2780 6603 2485 5291 1716 5040 961 4625 9418 4263 2685 5125 7875 4780 4991 4538 1259 5965 9368 2848 7825 8518 3260 3642 3664 4308 2284 8462 7012 386 4821 8773 7546 8149 5469 3953 1779 9966 349 427 5871 1906 7802 1439 8993 7096 2453 4928 9111 5206 8211 8900 8765 8936 3749
3427 4198 7189 3805 2717 7779 4155 7414 6485 9813 3860 5171 1853 66 3275 986 4548 6328 446 1795 7353 9747 8139 8070 1478 781 4625 5400 3975 5724 8632 5463 7797 2695 8468 7599 4901 6708 3866 4528 3804 6293 3432 2812 5723 1217 2839 2931 1612 3857 2841 971 3584 4229 2243 1690 9324 5646 4320 7383 30 6871 8000 8353 2753 7621 9068 3194 6830 1518 4882 5110 1555 5159 649 3715 4072 3617 9263 3140 4766 4821 5392 3916 8906 7998 7427 8717 6458 6512 7986 4470 9530 1478 2150 985 474 3476 5892 186
7757 8883 292 6807 7668 835 167 6201 5783 4047 8999 2682 9010 8747 214 6464 7399 8253 9643 4689 5255 4052 5412 2687 460 7578 5222 1670 9355 5896 5838 2845 453 5121 3954 8270 5922 1557 2472 540 2717 9709 289 3533 7324 6569 9302 9419 5523 5160 230 9065 5670 4770 9901 4397 9646 9227 3423 2647 9540 2474 8772 1657 2095 4051 4151 2529 5289 6179 5950 4755 5338 1966 7068 706 8280 8194 5940 3756 2804 5804 6599 2744 9767 9591 2299 2259 3794 4791 5099 876 5331 443 170 6041 8128 1627 5378 3950
2617 4314 9369 5284 7059 1971 4507 6855 617 5353 4433 4755 5664 220 8941 7559 489 6547 5002 9925 5802 3760 6421 4570 3322 9436 2716 4214 6378 1021 4176 9493 6862 3665 9421 1383 2448 1267 1379 3031 8556 9200 6445 4031 6831 1630 7255 6303 1193 2852 8022 2534 311 1991 8182 6121 5644 7459 5014 3031 6549 6028 2005 8842 2979 7553 2151 224 6867 5769 5940 8005 5482 3219 1447 8654 3990 5150 7780 9959 1709 5346 6363 273 5300 8462 7916 8566 8262 9553 2485 524 7852 4337 6817 7018 3700 2184 4366 9721
8214 4332 6621 6139 665 271 5167 7903 4778 5912 4025 849 1280 307 7806 9864 1904 9143 5647 9644 513 2850 1423 4126 3755 6389 2172 3192 4643 2440 3379 8920 3315 9846 8084 6596 5521 5914 9625 9328 7074 5975 2556 843 2718 3806 3138 3142 5788 1446 1079 4383 9449 2979 646 1858 5924 8672 8675 1814 3930 2306 4948 4101 3890 4053 5139 1509 9631 8699 200 2741 5146 6107 1217 1008 9916 7842 8944 9917 1432 7558 9653 2325 4504 2711 5417 1434 5310 6153 406 7058 9790 6397 8462 2879 1221 1299 7231 5026
7862 8939 3832 4415 7102 3677 1070 7702 9016 4011 1470 5853 5274 43 8666 6604 4210 2410 8516 4822 1235 4912 413 7844 6331 466 3255 5279 538 2262 7240 10 6989 9826 8540 3219 2596 1027 980 9515 7497 9801 4545 3474 197 2812 7288 4538 1117 7263 3180 6752 383 4187 9631 6591 7086 3490 958 1701 3762 5718 6334 870 3236 3122 7695 3139 7181 7553 3009 2380 823 1860 9141 1421 8304 7463 1729 4323 1475 9523 2756 5238 5157 6751 958 9061 6853 3707 7865 8700 1800 6382 7459 8557 9329 6039 7999 1215
4319 562 5159 7968 211 3757 4026 6375 1163 954 6715 1556 93 7879 9185 8955 304 9730 241 8260 8919 8376 6453 8473 3959 6652 2612 2391 726 5276 4119 3702 4788 9613 5239 9261 2528 6529 4479 65 5332 2609 3822 4366 5383 6410 3279 8536 9813 7032 5479 9300 2633 1076 5991 595 7612 7985 8152 814 685 829 2969 5059 9710 5650 1473 3961 5328 5249 6176 147 768 9131 8805 262 6494 709 8569 7297 4394 5337 4482 5938 357 9859 669 9493 9507 1682 8538 5979 9421 9255 2759 7838 2296 1036 5875 9534
7307 3086 4931 5882 1341 4009 1079 6272 1804 5931 727 6184 9909 2136 6052 1094 7410 6047 3257 1571 5074 9835 30 4748 1135 4808 2078 6032 9391 1760 135 8189 6468 6325 9213 1195 8463 1379 9408 8345 6134 9167 1648 3516 9008 9315 2745 6039 2568 5483 4585 7100 3479 7808 3934 4695 5949 7105 1458 1958 2942 1472 8377 1257 9960 1145 4939 6089 86 5443 5993 4784 8162 4609 8081 9016 9539 6210 1868 6671 220 7484 4185 1098 6737 5194 5098 4280 6834 8913 8762 1072 1833 1792 5350 7238 2530 8978 9943 8327
1834 9635 1950 6428 7435 2446 8732 8015 750 5564 1725 2916 5498 7665 4363 381 4651 4434 4225 1040 7543 2644 4091 5892 3595 5423 3469 3867 7871 8143 6230 4761 1166 1886 4362 8377 6323 960 6478 4465 4344 5262 3373 929 7778 6979 3317 7040 4003 352 9198 825 8550 573 6070 5200 7848 2603 955 2394 7965 2866 8724 3529 4975 8327 9603 2377 3188 3977 5653 3313 1285 7147 6105 9837 9834 9241 3909 6951 8237 4749 1916 8841 251 8764 2769 4409 8531 7408 9804 5770 8529 392 1373 9011 6129 5191 9784 5839
3243 5365 2273 9363 3027 8554 4704 6603 4406 5849 6207 9446 2269 7872 2830 7687 1356 7513 1662 2551 1453 7405 3221 5358 2215 9454 3606 264 7022 2643 3015 7060 5832 9890 2169 4026 7492 7316 7019 8826 86 4724 6835 5851 154 4718 1049 2173 5697 2647 3584 9926 1669 951 5583 7232 8537 1263 46 7007 9720 8279 7752 9758 9075 1895 6432 456 7789 8690 5504 4974 8687 2850 3095 9579 9419 4682 1350 3044 6187 9185 8466 4576 8733 9129 3803 9445 2052 3715 3072 436 3827 7652 9241 4274 9235 6017 3519 8146
8910 2887 884 1341 2414 62 7071 8363 7082 8432 4248 6349 9994 7800 5627 621 6816 9169 4515 5985 4706 5259 4294 5607 3528 5779 4036 330 2670 9712 4023 2653 4099 4172 4143 8059 3232 1366 5468 2190 4265 1319 5935 4780 6326 855 1009 8625 3203 8794 7915 6716 2862 4902 1031 983 7149 5661 904 9885 4678 8421 9124 3856 492 3299 2839 6589 5072 7738 6211 6410 1753 6985 802 8542 1366 8102 1668 5261 813 2828 920 5287 4673 45 1369 9465 3412 7546 5818 5069 567 85 948 3872 1421 414 927 6943
8798 6429 9663 7675 5839 2100 3516 4000 1161 4195 4449 4402 8487 4920 5621 8683 7448 8751 4136 2910 4683 1832 461 5387 7200 2217 5993 7701 5538 5009 9622 7078 479 7818 1232 6316 3057 2996 5280 5570 8920 1419 1166 6052 3106 1655 2955 4512 805 5462 6846 9267 1047 3103 5454 6448 3278 4813 75 4460 5575 2526 3449 5930 1883 7163 42 4583 6399 9065 9521 9592 2821 9646 9439 5413 8786 1265 9637 4526 8309 2864 5127 770 4534 8319 7427 8615 5302 6070 4867 4352 8505 2479 1091 4871 6331 6206 9435 4702
4835 1517 7474 4548 1145 5305 7126 1336 2932 5112 2559 8816 2743 4102 9929 2532 3709 7395 9408 1206 8457 6008 848 9307 5604 149 5050 7334 905 571 5661 2278 7520 7354 4467 6286 9726 2697 1760 2595 9380 3547 7732 2356 5749 3014 8893 2576 6936 4401 7799 3366 9146 3666 8195 231 6466 8592 2766 3651 856 1558 4178 819 8621 7820 1244 1166 2111 6148 7839 8712 1051 2629 364 1176 8527 5003 4962 2555 7676 9925 3134 4665 7558 5350 1599 9159 3695 4659 5371 4910 4375 8079 271 4189 4051 7472 4694 288
9527 8892 2788 7677 7699 8900 7567 9456 806 5590 8379 204 8645 4491 5626 7274 194 6879 915 9736 7854 2866 4517 778 3037 9751 725 2373 8962 4316 3409 843 13 3756 5720 1569 6045 1170 2832 435 2297 7523 9430 8515 3441 935 9217 955 7109 8868 1781 1091 2526 9675 6192 3072 8659 38 5995 6622 5946 6108 4894 7789 3619 5547 4727 4492 156 6838 2090 3221 5653 4414 34 826 7791 3058 6537 3531 467 7976 3712 6391 3555 6525 3057 5507 3646 7741 9169 4522 6953 6424 4329 7106 9527 3331 3162 3323
4317 3323 7119 6656 5633 9917 7344 9782 1897 8942 9601 1531 6395 3559 1624 6546 1368 5709 2066 7324 8902 663 6386 6114 3403 8675 768 4662 2719 8263 3001 9836 1419 5613 5393 4678 3907 867 249 570 778 8041 4438 4096 5930 534 3399 8477 3046 1865 4946 2692 2629 7180 8223 5313 6936 3252 7647 3562 260 1469 6131 7717 5816 8273 4037 5809 3069 3479 5689 337 2066 3048 4305 6073 5697 7000 3315 2286 8028 755 1428 3891 9858 4238 5689 6415 9045 9803 2695 7343 3392 7479 7073 4098 2721 5907 8604 4155
3829 3797 201 4794 6990 756 5041 8359 7440 789 9672 5455 6317 8216 6077 7074 2788 4682 6997 4933 8729 25 3527 4071 9193 2723 4036 7203 789 5 4813 6320 5981 5549 9401 8781 2170 8739 9323 1782 9934 8144 5413 8903 621 9850 9143 1199 9589 2846 1054 5167 3231 6583 4486 2780 478 2607 7556 1335 1296 8221 2130 4715 7162 8272 7065 1564 8791 8561 3289 1372 2144 8591 5580 6572 7859 8151 901 1744 3748 3697 8790 9968 4131 941 6186 4147 9077 3021 1995 1229 6471 9203 4748 6632 1809 1314 8036 5910
4407 8633 4385 3282 2615 9662 6102 3689 1737 4088 5160 6698 8358 3605 2083 1012 4610 9676 9137 6575 8010 6236 4418 1453 8546 8803 8805 1637 9441 9399 3940 4473 99 9664 7930 2597 2105 3581 8925 3405 7309 1926 9736 6843 5438 9500 6898 3107 8062 5109 3786 9396 9704 8219 4866 9036 1368 6644 2358 4446 1237 316 6370 7487 3697 9467 2133 2314 5283 1202 9920 7310 9726 9591 5781 5015 5163 691 3833 365 8031 7222 912 7215 8669 9674 2198 5014 8074 3291 1618 9639 7975 4738 1532 3266 866 2718 1905 5305
7919 8134 7209 9744 8719 3167 4235 1361 5641 1169 813 1885 2232 7462 1320 8133 8664 7839 8340 3927 7387 8872 151 8851 2915 2881 2374 8722 9461 3345 553 5264 8497 6 2211 6645 4780 2194 875 3970 3550 6236 827 4690 1741 9138 5170 1373 8008 5676 2951 5179 9749 8340 2522 2678 3147 4261 235 6557 8658 66 5270 564 259 1524 6822 8300 7309 1084 7414 247 1341 3382 290 3220 3006 3048 6799 3692 3146 776 3831 5995 5203 2527 3216 5732 304 8911 2921 6733 7849 7832 43 7753 6098 1286 5689 6349
6345 6760 3476 1581 9669 8477 8511 5151 8983 4266 7598 1750 9962 9678 2773 3380 6275 6620 2164 1210 1255 8697 472 7454 1454 1061 4270 7415 4596 605 8742 2519 3636 7176 9892 6609 2153 2466 8647 6889 1805 6414 7819 6748 885 809 6177 4008 3045 8349 5489 9936 323 9042 9953 2172 6931 492 78 1825 5027 9377 8862 100 9410 4267 7633 2358 1756 2460 86 2436 7010 3122 6773 998 3131 3939 5263 2400 2466 1599 8554 8728 5204 5061 6916 9125 3697 3189 8918 4372 2292 2894 1235 2175 489 267 6957 4112
6839 9473 1634 7989 940 3593 4014 1417 7435 1184 3072 5556 7633 9762 75 4060 2768 591 7887 5170 7565 1511 8889 6532 8076 8558 7069 8409 1943 7391 615 3163 6222 7776 4789 9865 431 3767 901 4447 8510 9360 5695 5595 6601 7861 3111 3526 4969 2898 2938 8345 115 286 1082 4161 7185 5796 7705 92 8428 4985 3308 1518 8214 3894 9682 729 2245 6513 114 6075 4960 1432 469 6003 7492 8514 6920 7961 5239 4993 9088 1497 6809 6044 2438 7205 9714 5203 5806 3343 2057 895 8379 5952 188 1626 5241 7154
3277 265 3635 6548 6162 7951 690 7387 8561 5169 1506 3706 6128 5847 8036 9209 6738 1490 7689 8174 8089 6101 8725 3981 8258 2088 3315 8405 1117 4563 347 4852 377 747 870 894 7475 4242 7950 532 7028 6573 4377 707 6294 5158 2598 3637 6828 8361 6006 5160 3889 7784 2038 5794 6090 6004 9958 5573 3761 1466 1025 2109 9162 2289 9909 7796 1116 9653 4297 2028 9653 5132 4746 3592 2337 3309 5322 1006 6035 3700 5369 5606 7686 2123 5339 4068 5349 6757 3629 8290 6624 2759 368 5895 7849 1882 5695 3584
3844 1196 6335 1340 9463 2806 7410 8500 3412 2971 3236 4954 518 3037 8487 5696 9653 6457 2532 4499 1048 9822 6619 1106 3407 8101 6065 9813 1370 8708 2061 177 393 7086 6083 5745 8724 7662 4912 8339 3247 6697 2367 8646 8621 4214 94 9126 4211 8800 5366 5714 7565 3030 9868 1641 9406 8806 5244 7357 3386 7702 886 1821 6808 77 8498 8703 3679 8646 6435 3567 9384 8380 2801 7305 1031 3890 8187 2744 6882 3889 9074 9836 7582 3616 7433 2100 3179 9925 1093 3387 7506 5141 5309 667 4050 1761 5941 8992
6923 8391 1276 9815 6014 1600 7902 5709 5028 3567 7629 8240 5307 3546 4291 2769 7105 4863 112 6509 955 1301 6228 245 5449 3493 7268 9653 3795 118 5736 6785 6960 4190 2186 517 9102 2781 6278 8465 4045 8812 5088 9760 3447 9265 1683 4112 4393 5461 1980 420 4386 2317 1761 1595 1108 9304 3053 430 5511 5819 9168 8034 6941 9966 8295 3737 5286 6277 6621 2568 9513 2079 1473 4936 707 9989 2523 8803 8514 2435 6371 45 172 4150 1383 7538 4038 8803 4882 5883 1420 7770 2599 5424 5487 4019 8979 1103
3272 4102 2811 7570 2049 3853 6600 6975 904 9960 4410 2197 530 3952 6178 3748 8428 5446 6619 1610 7409 2824 3330 5263 7702 4433 7952 9448 1228 2446 2946 1748 3470 303 2779 5384 1821 4031 1535 3766 1434 3481 1114 815 1624 6942 5735 2399 3071 7277 7931 1986 102 860 2990 4663 4459 6583 4329 1900 4668 4184 5788 8805 6470 3809 5808 9563 4197 233 8312 3997 7115 5862 2935 1085 6659 4668 4291 7057 9517 8009 2220 6604 9836 4228 2727 1921 637 7321 1093 7299 3492 5927 8587 8355 1584 7776 237 2580
6459 2190 1713 743 4962 9156 8148 4130 2955 5728 3800 1947 7080 8968 5890 2229 1542 1636 6629 9631 9368 19 3265 4883 3956 6998 8789 7633 5134 7807 3864 3134 8406 910 3428 2695 4217 4787 9548 6906 5779 8246 6962 9368 5510 3478 1241 128 9937 9473 3037 2555 9089 6299 9523 7085 7443 8122 6844 1412 3566 7495 4791 6862 3848 5718 4909 5587 2674 9965 9703 5473 4916 7370 9066 7414 8106 3481 8254 2503 3282 6275 9694 6311 2834 3832 7770 4276 6939 7317 6282 2329 2667 415 9163 4581 6947 5514 7117 7768
5518 1768 9273 1607 2247 7085 5407 9569 6206 7028 2015 5161 2260 8555 5589 5162 6868 8820 1872 910 8785 3121 6718 5165 5276 3172 4435 1775 6291 6558 3661 931 626 5160 7922 8396 4690 8936 5353 3570 6366 7780 6757 1693 3043 6250 9419 836 7152 1169 4041 1734 8489 1714 4323 1874 2484 4366 2071 823 5887 3725 7678 402 419 1735 9653 8015 7467 8355 9518 727 330 2948 4883 8368 6805 3848 4093 4911 6084 3387 3325 7317 9292 7980 1173 4162 7545 3173 2432 6444 7272 4756 8842 8830 5088 7442 2642 8960
4450 2115 8168 2374 8774 869 2336 6770 6508 3634 2026 9643 3076 3165 3282 9946 5298 3473 2913 8187 4527 4659 5685 5596 6261 6257 3956 7997 9591 7753 515 692 2927 3502 5042 5998 5445 8825 9633 5314 3550 5547 9593 3651 5298 2024 9795 3234 8390 8749 1669 3167 8498 3699 3699 4363 1512 8392 721 3585 8291 1202 5749 6486 3231 328 2595 944 1799 8420 4601 9749 6972 8848 9582 3403 6430 3469 1805 4121 1286 9365 3904 9791 5912 5830 2318 9394 3403 8166 7290 6568 2671 9324 2954 4122 8569 6223 6564 1127
7888 5440 7130 5796 3712 548 5604 1154 5019 7656 9952 4165 8356 8852 4065 8850 9313 4639 1555 4816 3452 584 9050 7106 7425 3426 9505 4970 8405 9730 6182 6431 2899 5145 3508 4046 5123 2122 943 8540 7767 4828 4892 6080 4805 300 1041 3272 7164 1416 5224 728 9213 5358 3860 3000 2944 4383 6311 1864 210 5318 4157 8020 9253 1279 9928 1669 5035 4716 7653 8381 9829 8199 3962 5921 3131 5465 1534 5782 5681 2425 6960 40 5982 588 3077 2649 7281 3994 787 5116 9103 8229 7595 5252 3364 2810 9826 1748
6653 8043 26 2378 9855 9834 6483 4822 3782 7735 9870 6744 2631 4657 7674 4697 7024 3866 1573 6695 4641 4205 431 388 3641 4759 2499 2393 8138 7159 5187 8774 8258 6358 7593 9206 3736 7721 8177 5838 7639 3334 8603 3955 6270 3708 5195 9886 9519 9209 4131 8382 3397 685 7586 38 7558 1320 459 9740 52 7784 2210 5622 5001 4614 9371 6756 5255 3514 6825 5452 6716 6679 8860 2880 4684 5267 3142 277 1454 7624 611 156 6581 5665 9496 5331 133 1015 5985 482 6651 9438 4036 7956 9467 4727 8666 4950
2327 7519 6025 5804 5271 299 3301 6257 4880 7766 1421 9773 5485 1566 5041 1267 762 3525 9335 2279 2499 7654 6196 1364 3835 5335 7057 812 4511 2229 626 3034 9655 4586 6124 5715 5069 4851 7753 3688 8679 4719 3755 1257 1184 8753 7113 1490 7994 6071 6349 549 6229 1364 6488 5860 3943 6125 4280 6726 9075 6574 5945 6133 2160 535 4472 9576 2223 4216 7780 3369 4743 9394 6619 5215 9434 6712 9533 2595 3783 125 3879 7699 1444 5056 1898 2045 9760 8620 6851 8342 9977 5408 8598 6627 7601 4018 3767 8444
