100
16345 27354
4294 3751
22725 14104
3658 31138
20094 3631
19329 14544
29125 12844
9553 3145
15838 16022
24886 7019
5441 16978
28565 32218
13970 12484
10317 21957
32211 28215
13712 24427
17881 31615
8433 6622
32252 1244
14013 27911
18451 22562
13199 28907
12960 1559
28703 14892
25415 13085
32603 20435
17797 23313
29369 11852
4510 3186
14539 31666
16343 24262
18964 20814
15334 10297
6170 15962
27815 13960
29372 26634
25616 3869
22470 27341
19303 31356
24771 24784
24498 24285
17170 12739
4720 11802
5692 4065
8838 27340
21637 17962
16764 2225
18881 15347
6377 11346
25705 20897
17452 3554
7406 31410
4701 872
26445 14589
9348 30241
25316 23866
15368 18207
15492 12484
19818 26423
30407 27806
11058 9754
3236 8628
23850 31938
8768 30308
30667 22288
14343 23869
2037 8371
5116 10503
26339 6475
21837 8707
2653 13262
26155 116
9519 1323
16344 28765
11227 1582
13570 653
4491 11428
13903 11993
20809 8127
17721 19369
6002 3004
2332 7862
8040 22722
14989 27409
6536 18702
22766 8296
11612 16973
24127 3973
27665 17993
25911 18455
18219 24264
30100 949
24439 177
27311 16928
16449 10865
10323 31432
23240 16797
4559 1938
21999 29657
30538 11481
