1000
23712 2716
10730 2536
17191 4852
23396 6970
3636 25603
17361 30825
14220 6289
15017 25498
24333 24078
20588 8413
6106 7463
9447 864
4280 4247
29364 23267
7096 15936
29696 21867
22807 1658
1168 10555
2402 15787
9478 6912
19165 1048
17249 13388
17958 20474
27844 15941
3606 24021
19576 21663
14056 31493
7219 9415
26781 24217
27035 11617
28830 1125
21766 4597
5796 15955
11652 22245
14549 28666
3615 6563
29488 10354
24673 6432
22058 3686
26647 8840
28825 21098
15445 13868
12498 7055
20922 30912
24846 8757
31221 17606
17171 27937
31880 28746
3856 25808
11468 6864
22984 12554
8502 6027
9714 5306
28632 18383
9440 15356
5163 31177
27232 12408
25099 8046
6112 26607
10755 29105
17109 8467
29387 21497
6749 668
27663 3026
4130 12440
32370 8418
2178 19458
7379 31008
21998 4247
15055 1344
912 1253
3207 4465
13105 28837
29603 3659
4697 3402
15767 26115
10936 9434
5924 12770
4548 4861
22818 25589
15268 23636
4734 14597
30029 20491
29567 1737
18923 26546
32333 14939
22402 22856
8371 6889
22229 3993
6948 9389
23175 31947
22780 4127
2432 31539
7689 22889
22674 12397
11594 23579
1884 9899
19702 22304
25711 4173
19392 27889
7344 27058
27482 29704
6654 27982
21560 11160
13588 3581
30358 10363
16048 27543
31932 3691
9205 30149
12929 26998
12813 12563
1550 15276
15636 21062
1508 4891
11825 9199
33 15357
15622 27200
9982 25391
22603 14623
24221 15589
437 28793
6146 925
8477 21209
23903 25425
4830 27193
29588 9457
30079 12056
13558 11792
31378 9676
2383 10462
16091 26138
7975 26710
28085 16644
19010 23736
13234 30946
11114 11322
17538 16308
1391 17402
30742 28599
25451 30008
17156 12854
29770 29378
3630 2211
16266 17071
12703 27622
5952 30800
5813 30197
27484 19044
17797 18853
25133 22923
24955 11456
23080 15102
22849 2135
14565 7036
19938 17241
30000 3720
11109 15276
24017 31587
24541 24403
27890 10242
29500 25534
1371 18951
13993 23367
7823 12094
25548 28616
30353 10990
6368 15966
3736 28603
23305 8300
24586 16587
4840 1507
23976 15912
14189 17601
5382 20581
6893 472
1087 30597
3701 5841
30694 280
20317 6512
1344 27047
29472 26650
29872 27986
17771 24468
12402 3000
19571 7693
2956 791
26508 30559
29954 1716
15352 32402
27466 13438
25596 18593
17407 3566
5177 19585
7130 30769
11066 1120
733 1929
24394 13355
14545 6641
32392 31058
3571 1280
30013 1999
15339 23311
3692 14437
19197 2974
8875 19493
22403 25332
10546 2359
19355 11526
24370 5335
24861 32666
31080 11934
32720 28588
5105 12547
19421 13841
21600 31521
30851 1882
29198 10171
13069 8955
6321 13693
14849 23981
22832 1156
29851 11024
7350 19745
7801 27285
19974 29658
23448 31643
11534 24242
18559 23768
190 12203
23226 23291
6938 2184
9610 4751
25486 15319
22235 18723
23426 3887
118 25000
20783 29367
376 28698
13489 20967
9219 12387
17245 24979
17203 25724
32084 3877
3412 24021
6488 29994
13906 13815
27359 30992
11888 31336
28262 30253
12605 20430
28680 6660
16581 20568
79 21956
24836 10586
11082 2322
10144 15415
9696 18952
29655 18052
25955 28286
25269 21866
21865 14984
21387 2124
8151 22591
4254 26282
15166 31941
28700 19782
13163 24195
340 13957
24633 24757
6693 25111
32426 6185
22711 8154
24630 3395
28010 16892
9315 24389
16652 31329
12438 11469
19279 10052
23081 26016
11642 21280
30397 27045
25950 27601
18130 6453
11404 29942
28309 14994
22469 14747
28920 22708
19122 16661
24840 32588
21461 2860
15740 30723
1216 22400
10889 27906
23173 31781
32254 5304
19053 3985
20876 19159
1773 27064
3941 15008
4309 16501
11530 32353
26827 25388
2141 22588
29944 22958
6910 26665
28417 27228
30676 830
28217 19344
18154 4143
25109 1080
13181 3345
4320 16324
83 8803
28335 6467
13902 26446
24728 8648
8512 15148
16415 9747
3841 22600
13041 30573
1215 996
10965 15316
24214 32641
8671 2392
3424 8026
26342 20677
26319 10802
3641 23426
15289 26191
23182 24761
10418 30663
12859 30136
21728 29690
29865 23960
4875 20064
17413 31772
6388 645
5944 28635
16616 8017
10266 6050
2452 6029
4578 1812
18459 31651
13282 11923
16486 165
11377 14948
6076 30865
40 27917
21906 8148
16721 30978
26276 25612
19356 7553
22084 2066
26644 2747
12786 18744
27986 20788
19246 27087
12272 24684
19338 17645
22337 22719
20227 20333
27199 13450
30865 10806
10437 3215
13565 10689
1279 31643
8179 30421
20766 25958
16216 11413
30032 9402
2269 6077
16879 25815
26069 31529
12792 10775
10564 32151
12736 19918
11320 9389
15842 29044
1116 318
28284 11526
2250 28873
17051 31913
6433 6210
16371 12689
23255 31765
15060 27169
24785 22889
23129 21843
28977 9377
11491 17755
23920 20777
24773 21895
8364 18031
30017 10090
14403 9775
30644 31545
27296 18420
8461 10101
28757 3548
26499 13258
13162 30363
22664 6968
6389 4290
20216 31088
2283 13122
22935 10113
10294 7979
26042 2995
30984 28346
580 8371
21870 30099
20180 30705
30760 30283
27453 15175
1976 20777
31543 29147
22457 4142
4692 3142
21618 29778
7221 31734
19627 26641
5373 22992
3519 31526
9734 24602
1523 19351
31443 15257
24838 32753
25158 30710
21258 14037
4115 2919
1394 4019
4725 17803
23147 12502
20512 9621
31344 28321
8822 23468
24600 30744
24573 31122
22067 11426
27409 5764
7190 32524
6358 27234
9267 2514
1137 9232
8429 14490
8824 32540
21418 11010
10406 23713
21033 13467
7636 25451
13846 7733
9764 27483
27355 3166
24448 14349
3514 12069
25155 18105
5144 7972
14901 13143
11292 3005
27581 30983
2937 7843
22866 4527
8328 14492
7475 14566
22938 27526
11096 22033
30348 21912
20392 20939
6300 16875
23660 23179
1146 12857
7428 23680
19107 13796
24792 12480
18922 12858
12946 18338
16471 32759
3979 21096
24117 523
13186 12322
3943 6558
19604 8655
28411 6994
11112 2500
6402 10696
17323 14930
20126 6501
4284 6051
8284 16726
12968 4325
4804 24017
22360 13482
28975 26526
17417 25743
17113 1239
4861 27676
5687 30444
31088 32492
5771 10729
10702 25102
8117 18684
9763 17578
17484 31794
5843 3048
31213 13185
31115 5645
24531 8971
15479 14568
21416 21665
6582 32620
18587 29318
18187 27294
5299 12150
19925 14770
10339 28647
8001 32112
25694 6287
14526 31453
428 9766
27825 8472
16382 29293
9066 5762
20031 19055
10327 8481
8555 14855
22392 28231
11684 12450
16147 32110
13699 25414
2473 12903
9132 4052
17448 21172
8869 1418
21602 29234
26344 5835
13246 4859
24374 22563
16942 31882
16175 20614
17761 3616
6176 32472
26681 4199
29724 22707
20095 19029
10062 9828
4310 23892
19341 24630
13549 11424
6705 28916
30201 21488
6181 425
29027 29016
18494 12970
3005 18030
22475 26070
8699 29868
31086 32285
23264 22805
25130 14399
11446 19227
7356 214
27458 17089
10031 27543
29175 10749
3755 12245
15978 23904
32142 20038
3846 8184
28605 17418
23041 1654
317 28393
12430 7564
2813 1757
25173 20377
502 20688
29984 19848
19574 28326
17623 32501
441 28798
24494 15762
18362 2869
29341 24522
17224 6188
23057 22180
20060 16972
10977 25321
26794 1095
18307 9609
5750 23584
21888 3899
8617 22509
10021 29540
28964 24540
28027 16954
27220 24948
18042 11817
4359 16413
31610 16502
22910 12003
1002 8482
24771 22391
8260 5649
32573 29302
27009 32107
13550 12105
18243 21355
14111 9773
12918 18798
14462 22808
20694 13352
25856 21187
5768 14905
32660 26089
30891 29782
5617 8699
24378 10137
8595 20
28212 31259
14848 23599
27130 21957
15440 3736
15096 28003
3052 14752
21639 6138
20630 8085
786 30300
21930 5361
25976 5881
28323 25298
5554 3064
1248 11690
17590 10119
12969 13368
19867 21103
3949 31415
1021 12523
4429 13909
16803 2490
10207 3302
30559 9075
29739 31962
17718 3097
16890 364
24001 32495
9809 18205
14547 23693
26424 1121
22877 26932
4287 19096
10894 17759
23363 25407
14398 21658
18158 3432
18060 1687
4221 12135
3270 13951
25414 20687
6026 5254
27769 28829
5675 19906
13222 2994
5974 26173
23679 26503
30966 31049
13792 29980
3924 21523
14860 24625
25658 7803
7865 18683
1571 32592
5260 23172
8134 20974
8028 3670
29388 19374
7914 31102
25371 6058
19833 31363
27951 14399
31875 21322
26733 4113
2476 6711
17332 31823
8180 18069
28726 25657
6448 23608
28294 25055
5051 31328
12785 26667
4201 20961
19986 2593
11452 18049
8865 18278
19803 16290
31116 511
19647 27681
19273 348
560 32125
7530 9877
13552 7740
12146 13811
20406 10122
27111 22962
26717 23076
17320 16901
28638 7796
4481 1627
7804 4093
29693 11233
28734 22522
22395 30024
17826 6978
14980 24520
31888 32623
11868 29029
5517 2879
17879 15473
14641 26171
26222 15442
12763 15254
12178 28549
11683 17495
27713 21219
23696 15547
17110 8739
16140 18644
5925 417
14484 3191
21191 30045
15028 31317
1971 18759
8462 7784
20154 28811
26513 5701
4934 29595
13439 21592
29874 23968
10194 20857
13889 13154
1920 32469
31541 26283
11128 3250
19090 23293
16262 13498
36 8836
23671 32406
20163 1866
15485 12991
14294 13482
3797 28561
11942 5383
5282 18837
14270 16685
30801 11006
21336 32535
7074 31774
14341 11566
20553 10147
17990 2104
1284 12836
15849 10268
11310 22114
31034 7751
28818 14030
26744 21326
11389 18507
24966 26581
22295 23092
6115 7343
23538 24481
20700 1607
4324 24038
10240 3902
15890 9309
30677 3669
27726 12646
15049 29582
28067 26795
30827 20622
21549 32425
4827 16454
2175 15724
29138 1631
1689 32248
23201 15236
14002 9301
21463 23107
19862 20358
9967 30262
71 20755
19877 5951
6128 27406
26899 25628
16935 28486
13338 23355
13935 24253
29955 3535
21761 7516
12902 4387
8908 3558
12107 6702
18106 10795
29328 30569
27701 27518
23947 23773
12010 5992
5615 13952
29644 17566
18164 29889
21340 11313
32178 1890
31016 6917
9422 31366
7314 6020
25433 27147
30419 3987
25333 16153
23104 8901
16698 27643
20171 23759
12376 6702
22476 29757
18178 32440
24931 24441
18619 16596
24981 13856
24138 21981
15003 5871
23419 21928
21087 4723
1982 16056
28393 20967
13677 28620
12941 29341
16292 32353
6738 12447
22135 29944
9365 10384
1944 32579
6377 19762
25367 9691
14890 27036
20374 21607
9902 16088
30154 3413
8572 25829
10883 15311
27752 19537
14822 25066
3456 32266
30717 30497
935 3441
14963 2819
11904 28848
8088 40
28046 13133
18091 29545
15001 14080
23897 9040
17235 30402
9857 27598
17979 39
24122 10796
14018 5869
7959 7492
27820 14037
11434 5617
25274 26545
18246 3012
18566 6079
27913 27129
27566 28725
11290 10409
15412 22557
27184 1601
28709 6499
17748 30002
2681 23597
29159 4586
18747 27754
16106 13572
32174 365
30139 6942
24893 29818
12453 26222
25190 16884
26270 13714
15634 2028
2049 6085
25244 21794
31 17517
227 25547
5353 19454
32670 29073
28400 20508
26608 22748
23952 1792
27197 20304
11111 3612
30267 28055
5900 20482
6476 25696
17406 386
5899 679
14299 31250
28708 28983
14291 27508
19306 18286
6747 15506
29987 23873
24870 2989
26790 32383
12113 7094
6185 25434
26324 12540
4643 16483
8456 2330
3669 29699
6597 16200
30933 17054
25573 7774
1400 30789
9343 23327
27078 14577
25085 19300
10494 11380
20533 4533
24922 9903
10198 10010
32403 8198
3334 14127
30120 4625
18761 631
28124 3220
23717 15090
31485 5810
10756 3826
19692 12381
30810 22058
2065 5638
5384 15568
14530 1534
19013 27634
9235 10790
15034 22020
15560 16258
12149 24493
21886 3213
23052 9467
18329 15464
21297 19880
1663 30007
26503 30364
29444 11721
9908 21682
804 1655
26808 29887
4600 10574
15741 15569
27619 30064
31406 4788
27405 31159
23501 19387
14354 668
26752 18876
763 16215
5420 26973
18541 16968
20933 9614
30496 24726
31461 5207
2451 13590
24859 8404
26622 19054
9865 9854
12410 4769
20907 29627
238 3168
26969 19253
5949 2684
26151 16544
32698 21004
31396 30436
28876 31574
6042 27273
17636 208
24261 30636
7386 1302
3772 3494
21638 12161
24683 22029
12857 9202
17339 11887
21845 7183
1103 2618
8360 30787
9841 11225
7928 25093
4172 31008
5599 25438
21339 28394
